PLAYER_ID,SEASON_ID,LOC_X,LOC_Y,SHOT_MADE,SHOT_ATTEMPT
203076,2012-13,-20,5,0,2
203076,2012-13,-19,5,0,1
203076,2012-13,-19,6,0,1
203076,2012-13,-19,8,0,1
203076,2012-13,-19,10,0,1
203076,2012-13,-19,22,0,1
203076,2012-13,-18,4,0,1
203076,2012-13,-18,5,1,2
203076,2012-13,-17,4,0,1
203076,2012-13,-17,5,1,2
203076,2012-13,-17,6,0,2
203076,2012-13,-17,9,0,1
203076,2012-13,-17,13,0,2
203076,2012-13,-17,14,1,1
203076,2012-13,-17,18,0,1
203076,2012-13,-16,4,0,1
203076,2012-13,-16,5,2,4
203076,2012-13,-16,6,0,1
203076,2012-13,-16,7,1,1
203076,2012-13,-16,9,1,1
203076,2012-13,-16,13,0,1
203076,2012-13,-15,1,0,1
203076,2012-13,-15,5,1,3
203076,2012-13,-15,7,1,1
203076,2012-13,-15,8,0,1
203076,2012-13,-15,12,0,1
203076,2012-13,-14,4,0,1
203076,2012-13,-14,5,1,2
203076,2012-13,-14,9,0,1
203076,2012-13,-14,14,0,1
203076,2012-13,-14,18,0,1
203076,2012-13,-14,19,1,1
203076,2012-13,-13,7,0,1
203076,2012-13,-13,14,0,1
203076,2012-13,-13,16,0,2
203076,2012-13,-13,21,0,1
203076,2012-13,-12,7,0,1
203076,2012-13,-12,13,0,1
203076,2012-13,-12,16,0,1
203076,2012-13,-12,17,1,2
203076,2012-13,-12,22,0,1
203076,2012-13,-11,5,2,2
203076,2012-13,-11,6,0,1
203076,2012-13,-11,8,1,1
203076,2012-13,-11,12,0,1
203076,2012-13,-11,18,0,1
203076,2012-13,-11,22,1,2
203076,2012-13,-10,11,1,1
203076,2012-13,-10,19,0,1
203076,2012-13,-10,20,0,2
203076,2012-13,-9,22,0,2
203076,2012-13,-8,7,0,1
203076,2012-13,-8,9,1,1
203076,2012-13,-8,12,0,1
203076,2012-13,-8,23,1,1
203076,2012-13,-7,5,1,2
203076,2012-13,-7,6,0,2
203076,2012-13,-7,7,2,2
203076,2012-13,-7,8,0,1
203076,2012-13,-7,9,1,1
203076,2012-13,-7,12,1,1
203076,2012-13,-7,20,1,2
203076,2012-13,-7,21,0,1
203076,2012-13,-7,22,0,1
203076,2012-13,-7,23,0,1
203076,2012-13,-7,24,0,1
203076,2012-13,-7,25,1,1
203076,2012-13,-6,5,3,3
203076,2012-13,-6,6,0,1
203076,2012-13,-6,7,0,1
203076,2012-13,-6,8,0,2
203076,2012-13,-6,9,2,2
203076,2012-13,-6,11,1,1
203076,2012-13,-6,15,1,1
203076,2012-13,-6,22,0,1
203076,2012-13,-6,30,0,1
203076,2012-13,-5,5,1,1
203076,2012-13,-5,6,1,3
203076,2012-13,-5,7,0,1
203076,2012-13,-5,10,1,1
203076,2012-13,-5,16,1,1
203076,2012-13,-5,19,1,1
203076,2012-13,-5,21,0,1
203076,2012-13,-5,23,1,1
203076,2012-13,-5,25,1,2
203076,2012-13,-4,7,0,1
203076,2012-13,-4,8,2,2
203076,2012-13,-4,14,0,1
203076,2012-13,-4,15,0,1
203076,2012-13,-4,21,0,1
203076,2012-13,-4,24,0,2
203076,2012-13,-3,5,0,1
203076,2012-13,-3,6,1,1
203076,2012-13,-3,7,0,1
203076,2012-13,-3,9,1,2
203076,2012-13,-3,10,0,1
203076,2012-13,-3,11,0,1
203076,2012-13,-3,12,0,1
203076,2012-13,-3,16,0,2
203076,2012-13,-3,23,1,1
203076,2012-13,-3,26,0,1
203076,2012-13,-2,5,7,17
203076,2012-13,-2,6,8,11
203076,2012-13,-2,7,0,1
203076,2012-13,-2,8,0,1
203076,2012-13,-2,9,4,4
203076,2012-13,-2,13,1,1
203076,2012-13,-2,20,0,1
203076,2012-13,-2,22,0,1
203076,2012-13,-2,23,0,1
203076,2012-13,-2,24,1,1
203076,2012-13,-1,4,0,1
203076,2012-13,-1,5,16,27
203076,2012-13,-1,6,12,19
203076,2012-13,-1,7,3,7
203076,2012-13,-1,8,3,4
203076,2012-13,-1,9,0,1
203076,2012-13,-1,11,0,1
203076,2012-13,-1,12,0,1
203076,2012-13,-1,21,0,1
203076,2012-13,-1,22,1,2
203076,2012-13,-1,24,1,1
203076,2012-13,0,5,101,124
203076,2012-13,0,6,31,42
203076,2012-13,0,7,8,14
203076,2012-13,0,8,0,2
203076,2012-13,0,9,0,1
203076,2012-13,0,10,1,3
203076,2012-13,0,11,1,2
203076,2012-13,0,12,0,1
203076,2012-13,0,14,1,2
203076,2012-13,0,17,1,1
203076,2012-13,0,19,2,3
203076,2012-13,0,20,1,1
203076,2012-13,0,21,0,1
203076,2012-13,0,22,1,1
203076,2012-13,0,23,1,2
203076,2012-13,0,24,0,3
203076,2012-13,0,25,1,4
203076,2012-13,0,27,0,1
203076,2012-13,1,5,20,29
203076,2012-13,1,6,8,9
203076,2012-13,1,7,2,3
203076,2012-13,1,8,0,1
203076,2012-13,1,9,1,1
203076,2012-13,1,10,1,1
203076,2012-13,1,11,0,1
203076,2012-13,1,14,0,1
203076,2012-13,1,17,0,1
203076,2012-13,1,18,1,1
203076,2012-13,1,19,1,1
203076,2012-13,1,21,0,1
203076,2012-13,1,25,0,1
203076,2012-13,2,5,11,15
203076,2012-13,2,6,3,6
203076,2012-13,2,7,0,3
203076,2012-13,2,8,1,3
203076,2012-13,2,10,0,1
203076,2012-13,2,11,1,1
203076,2012-13,2,18,1,1
203076,2012-13,2,20,0,1
203076,2012-13,2,25,0,1
203076,2012-13,3,5,1,2
203076,2012-13,3,6,0,2
203076,2012-13,3,7,1,3
203076,2012-13,3,14,1,1
203076,2012-13,3,19,1,1
203076,2012-13,3,20,0,1
203076,2012-13,3,24,0,1
203076,2012-13,4,5,2,3
203076,2012-13,4,12,1,1
203076,2012-13,4,15,0,1
203076,2012-13,4,16,0,1
203076,2012-13,4,24,1,1
203076,2012-13,5,5,1,2
203076,2012-13,5,6,0,2
203076,2012-13,5,10,0,3
203076,2012-13,5,11,0,1
203076,2012-13,5,12,0,1
203076,2012-13,5,13,1,2
203076,2012-13,5,14,0,2
203076,2012-13,5,20,1,1
203076,2012-13,5,23,1,1
203076,2012-13,5,24,1,1
203076,2012-13,6,4,0,1
203076,2012-13,6,5,0,2
203076,2012-13,6,6,1,1
203076,2012-13,6,7,0,1
203076,2012-13,6,8,1,2
203076,2012-13,6,9,1,1
203076,2012-13,6,11,0,1
203076,2012-13,6,16,1,1
203076,2012-13,6,17,1,1
203076,2012-13,6,20,0,1
203076,2012-13,6,22,1,1
203076,2012-13,6,23,0,1
203076,2012-13,7,6,1,2
203076,2012-13,7,7,1,1
203076,2012-13,7,8,1,1
203076,2012-13,7,13,1,1
203076,2012-13,7,17,0,1
203076,2012-13,7,21,0,1
203076,2012-13,7,22,1,1
203076,2012-13,8,5,2,2
203076,2012-13,8,9,1,1
203076,2012-13,8,12,1,1
203076,2012-13,8,13,0,1
203076,2012-13,8,20,0,1
203076,2012-13,8,21,1,1
203076,2012-13,8,22,0,1
203076,2012-13,8,23,0,1
203076,2012-13,8,24,1,1
203076,2012-13,8,25,0,1
203076,2012-13,8,29,0,1
203076,2012-13,9,5,1,2
203076,2012-13,9,6,0,1
203076,2012-13,9,7,0,2
203076,2012-13,9,11,0,1
203076,2012-13,9,12,0,2
203076,2012-13,9,20,0,1
203076,2012-13,9,21,0,1
203076,2012-13,10,4,1,1
203076,2012-13,10,5,0,1
203076,2012-13,10,10,0,1
203076,2012-13,10,15,0,1
203076,2012-13,10,18,0,2
203076,2012-13,10,19,0,1
203076,2012-13,10,20,2,2
203076,2012-13,10,22,0,1
203076,2012-13,11,13,0,1
203076,2012-13,11,15,1,1
203076,2012-13,11,17,1,1
203076,2012-13,11,18,0,1
203076,2012-13,11,20,0,1
203076,2012-13,11,21,0,2
203076,2012-13,11,24,0,1
203076,2012-13,12,4,1,1
203076,2012-13,12,5,0,1
203076,2012-13,12,6,0,1
203076,2012-13,12,8,0,1
203076,2012-13,12,12,0,1
203076,2012-13,12,13,0,1
203076,2012-13,12,16,0,1
203076,2012-13,13,5,0,1
203076,2012-13,13,8,0,1
203076,2012-13,13,9,0,2
203076,2012-13,13,11,0,1
203076,2012-13,13,14,1,1
203076,2012-13,13,16,0,1
203076,2012-13,14,5,2,4
203076,2012-13,14,7,0,2
203076,2012-13,14,15,0,2
203076,2012-13,14,16,0,1
203076,2012-13,15,5,2,3
203076,2012-13,15,6,0,2
203076,2012-13,15,7,0,1
203076,2012-13,15,13,0,1
203076,2012-13,15,16,0,2
203076,2012-13,15,19,0,1
203076,2012-13,15,21,0,1
203076,2012-13,15,24,0,1
203076,2012-13,16,6,1,2
203076,2012-13,16,8,0,1
203076,2012-13,16,9,0,2
203076,2012-13,16,11,1,1
203076,2012-13,16,16,0,1
203076,2012-13,17,5,1,2
203076,2012-13,17,10,1,1
203076,2012-13,17,18,0,1
203076,2012-13,18,5,0,1
203076,2012-13,18,23,0,1
203076,2012-13,19,5,0,1
203076,2012-13,19,8,0,1
203076,2012-13,19,11,0,1
203076,2013-14,-24,6,1,1
203076,2013-14,-23,5,0,1
203076,2013-14,-22,4,0,1
203076,2013-14,-22,5,0,1
203076,2013-14,-22,6,1,1
203076,2013-14,-22,8,0,1
203076,2013-14,-20,5,0,2
203076,2013-14,-20,8,0,1
203076,2013-14,-19,5,0,1
203076,2013-14,-19,6,1,1
203076,2013-14,-19,7,0,1
203076,2013-14,-19,8,0,1
203076,2013-14,-19,11,0,1
203076,2013-14,-18,5,0,3
203076,2013-14,-18,9,0,1
203076,2013-14,-18,13,0,1
203076,2013-14,-17,4,0,1
203076,2013-14,-17,5,1,3
203076,2013-14,-17,7,2,2
203076,2013-14,-17,9,1,1
203076,2013-14,-17,10,0,1
203076,2013-14,-17,12,0,1
203076,2013-14,-17,13,0,1
203076,2013-14,-16,3,1,1
203076,2013-14,-16,5,2,4
203076,2013-14,-16,6,1,1
203076,2013-14,-16,7,1,1
203076,2013-14,-16,8,0,1
203076,2013-14,-16,9,0,2
203076,2013-14,-16,11,0,1
203076,2013-14,-16,14,0,2
203076,2013-14,-16,15,0,1
203076,2013-14,-15,5,3,6
203076,2013-14,-15,7,0,1
203076,2013-14,-15,8,1,5
203076,2013-14,-15,9,1,1
203076,2013-14,-15,10,1,2
203076,2013-14,-15,11,0,2
203076,2013-14,-15,14,0,1
203076,2013-14,-15,16,0,1
203076,2013-14,-15,18,0,1
203076,2013-14,-14,4,1,1
203076,2013-14,-14,5,0,1
203076,2013-14,-14,8,1,1
203076,2013-14,-14,9,1,1
203076,2013-14,-14,11,0,2
203076,2013-14,-14,12,0,2
203076,2013-14,-14,13,0,1
203076,2013-14,-14,15,0,2
203076,2013-14,-13,5,3,5
203076,2013-14,-13,6,0,1
203076,2013-14,-13,7,1,2
203076,2013-14,-13,8,0,2
203076,2013-14,-13,9,0,1
203076,2013-14,-13,11,1,2
203076,2013-14,-13,12,1,3
203076,2013-14,-13,13,0,1
203076,2013-14,-13,18,1,1
203076,2013-14,-13,20,0,1
203076,2013-14,-13,21,0,1
203076,2013-14,-12,5,2,2
203076,2013-14,-12,6,1,1
203076,2013-14,-12,7,0,1
203076,2013-14,-12,9,0,1
203076,2013-14,-12,13,0,1
203076,2013-14,-12,14,1,3
203076,2013-14,-12,16,1,1
203076,2013-14,-12,17,0,1
203076,2013-14,-12,20,0,1
203076,2013-14,-11,5,0,2
203076,2013-14,-11,6,0,1
203076,2013-14,-11,7,1,2
203076,2013-14,-11,9,1,2
203076,2013-14,-11,11,1,3
203076,2013-14,-11,12,1,2
203076,2013-14,-11,13,0,1
203076,2013-14,-11,16,1,2
203076,2013-14,-11,18,0,1
203076,2013-14,-11,19,0,3
203076,2013-14,-11,20,2,2
203076,2013-14,-11,21,1,2
203076,2013-14,-10,6,2,2
203076,2013-14,-10,9,1,2
203076,2013-14,-10,10,0,1
203076,2013-14,-10,11,0,1
203076,2013-14,-10,13,2,2
203076,2013-14,-10,15,1,1
203076,2013-14,-10,19,3,4
203076,2013-14,-9,5,0,1
203076,2013-14,-9,6,1,2
203076,2013-14,-9,10,1,2
203076,2013-14,-9,12,1,1
203076,2013-14,-9,13,0,1
203076,2013-14,-9,15,1,1
203076,2013-14,-9,16,1,1
203076,2013-14,-9,20,0,1
203076,2013-14,-9,21,1,2
203076,2013-14,-9,22,1,1
203076,2013-14,-8,6,1,1
203076,2013-14,-8,7,0,1
203076,2013-14,-8,18,0,1
203076,2013-14,-8,19,1,2
203076,2013-14,-8,20,0,1
203076,2013-14,-8,21,1,1
203076,2013-14,-8,22,1,1
203076,2013-14,-8,24,1,1
203076,2013-14,-7,6,0,1
203076,2013-14,-7,7,1,3
203076,2013-14,-7,8,2,3
203076,2013-14,-7,15,1,1
203076,2013-14,-7,17,0,1
203076,2013-14,-7,18,1,2
203076,2013-14,-7,22,0,1
203076,2013-14,-6,5,0,1
203076,2013-14,-6,6,3,3
203076,2013-14,-6,8,0,1
203076,2013-14,-6,10,0,2
203076,2013-14,-6,14,0,1
203076,2013-14,-6,15,0,1
203076,2013-14,-6,17,1,1
203076,2013-14,-6,18,1,1
203076,2013-14,-6,22,0,1
203076,2013-14,-6,23,0,1
203076,2013-14,-5,5,0,2
203076,2013-14,-5,6,1,1
203076,2013-14,-5,7,1,3
203076,2013-14,-5,8,0,2
203076,2013-14,-5,9,0,2
203076,2013-14,-5,10,1,2
203076,2013-14,-5,11,0,1
203076,2013-14,-5,12,0,1
203076,2013-14,-5,13,0,2
203076,2013-14,-5,16,1,2
203076,2013-14,-5,17,2,2
203076,2013-14,-5,18,0,1
203076,2013-14,-5,19,1,1
203076,2013-14,-5,21,0,1
203076,2013-14,-5,23,0,1
203076,2013-14,-4,5,2,2
203076,2013-14,-4,6,3,4
203076,2013-14,-4,7,0,2
203076,2013-14,-4,8,0,1
203076,2013-14,-4,9,2,2
203076,2013-14,-4,10,1,1
203076,2013-14,-4,13,1,1
203076,2013-14,-4,15,0,1
203076,2013-14,-4,16,0,1
203076,2013-14,-4,19,1,1
203076,2013-14,-4,20,0,2
203076,2013-14,-4,22,0,1
203076,2013-14,-4,25,1,1
203076,2013-14,-4,27,1,1
203076,2013-14,-3,5,1,4
203076,2013-14,-3,6,0,2
203076,2013-14,-3,7,0,2
203076,2013-14,-3,8,1,1
203076,2013-14,-3,9,0,3
203076,2013-14,-3,10,1,2
203076,2013-14,-3,11,0,1
203076,2013-14,-3,12,1,2
203076,2013-14,-3,14,0,2
203076,2013-14,-3,17,1,1
203076,2013-14,-3,21,0,2
203076,2013-14,-3,22,1,1
203076,2013-14,-3,23,1,3
203076,2013-14,-2,5,10,20
203076,2013-14,-2,6,5,17
203076,2013-14,-2,7,0,4
203076,2013-14,-2,8,0,1
203076,2013-14,-2,9,1,1
203076,2013-14,-2,10,0,1
203076,2013-14,-2,11,1,2
203076,2013-14,-2,13,1,1
203076,2013-14,-2,15,1,2
203076,2013-14,-2,19,1,1
203076,2013-14,-2,20,1,1
203076,2013-14,-2,21,0,1
203076,2013-14,-2,23,2,2
203076,2013-14,-2,26,0,1
203076,2013-14,-1,4,0,1
203076,2013-14,-1,5,19,32
203076,2013-14,-1,6,17,24
203076,2013-14,-1,7,4,6
203076,2013-14,-1,8,0,2
203076,2013-14,-1,9,0,1
203076,2013-14,-1,10,0,1
203076,2013-14,-1,11,1,1
203076,2013-14,-1,12,1,3
203076,2013-14,-1,19,0,1
203076,2013-14,-1,20,1,2
203076,2013-14,-1,21,0,2
203076,2013-14,-1,22,0,1
203076,2013-14,-1,24,2,2
203076,2013-14,0,4,1,2
203076,2013-14,0,5,112,129
203076,2013-14,0,6,37,55
203076,2013-14,0,7,15,21
203076,2013-14,0,8,9,16
203076,2013-14,0,9,3,6
203076,2013-14,0,10,3,6
203076,2013-14,0,11,2,6
203076,2013-14,0,12,0,1
203076,2013-14,0,13,0,2
203076,2013-14,0,15,0,1
203076,2013-14,0,16,1,3
203076,2013-14,0,18,0,3
203076,2013-14,0,19,0,1
203076,2013-14,0,20,4,6
203076,2013-14,0,21,1,4
203076,2013-14,0,22,1,4
203076,2013-14,0,23,6,7
203076,2013-14,0,24,1,5
203076,2013-14,0,25,1,1
203076,2013-14,0,26,1,1
203076,2013-14,0,29,0,1
203076,2013-14,1,5,27,40
203076,2013-14,1,6,9,13
203076,2013-14,1,7,5,7
203076,2013-14,1,8,1,1
203076,2013-14,1,9,0,1
203076,2013-14,1,10,1,4
203076,2013-14,1,12,0,1
203076,2013-14,1,13,1,2
203076,2013-14,1,17,0,1
203076,2013-14,1,20,0,2
203076,2013-14,1,21,1,2
203076,2013-14,1,22,1,1
203076,2013-14,1,23,0,1
203076,2013-14,2,5,20,31
203076,2013-14,2,6,7,15
203076,2013-14,2,7,1,2
203076,2013-14,2,8,1,1
203076,2013-14,2,9,1,4
203076,2013-14,2,10,1,2
203076,2013-14,2,18,1,2
203076,2013-14,2,19,1,1
203076,2013-14,2,21,0,1
203076,2013-14,2,22,1,2
203076,2013-14,2,23,1,1
203076,2013-14,2,24,0,1
203076,2013-14,3,5,2,2
203076,2013-14,3,6,1,2
203076,2013-14,3,7,1,3
203076,2013-14,3,8,2,2
203076,2013-14,3,14,1,1
203076,2013-14,3,15,0,1
203076,2013-14,3,18,1,1
203076,2013-14,3,19,1,1
203076,2013-14,3,22,1,3
203076,2013-14,3,23,0,1
203076,2013-14,4,5,1,1
203076,2013-14,4,6,1,1
203076,2013-14,4,7,1,1
203076,2013-14,4,8,0,3
203076,2013-14,4,9,0,1
203076,2013-14,4,10,0,1
203076,2013-14,4,11,2,3
203076,2013-14,4,14,0,1
203076,2013-14,4,16,1,1
203076,2013-14,4,21,1,1
203076,2013-14,4,23,1,2
203076,2013-14,5,8,1,3
203076,2013-14,5,10,1,1
203076,2013-14,5,11,0,1
203076,2013-14,5,13,1,1
203076,2013-14,5,14,1,1
203076,2013-14,5,17,1,1
203076,2013-14,5,21,0,2
203076,2013-14,5,22,0,2
203076,2013-14,5,23,0,2
203076,2013-14,6,5,0,1
203076,2013-14,6,6,1,3
203076,2013-14,6,7,1,2
203076,2013-14,6,8,0,1
203076,2013-14,6,10,2,3
203076,2013-14,6,12,0,1
203076,2013-14,6,13,1,1
203076,2013-14,6,15,0,1
203076,2013-14,6,16,0,1
203076,2013-14,6,17,0,1
203076,2013-14,6,20,0,1
203076,2013-14,6,22,1,2
203076,2013-14,7,5,2,3
203076,2013-14,7,6,1,2
203076,2013-14,7,7,0,2
203076,2013-14,7,8,0,1
203076,2013-14,7,13,0,2
203076,2013-14,7,18,0,1
203076,2013-14,7,20,1,1
203076,2013-14,7,21,0,2
203076,2013-14,7,23,0,1
203076,2013-14,7,24,0,1
203076,2013-14,8,3,1,1
203076,2013-14,8,6,0,1
203076,2013-14,8,7,0,3
203076,2013-14,8,9,1,1
203076,2013-14,8,14,0,1
203076,2013-14,8,15,0,1
203076,2013-14,8,18,1,2
203076,2013-14,8,19,0,1
203076,2013-14,8,20,1,1
203076,2013-14,8,21,1,1
203076,2013-14,8,22,1,1
203076,2013-14,8,23,1,1
203076,2013-14,8,25,1,1
203076,2013-14,9,5,1,1
203076,2013-14,9,6,1,2
203076,2013-14,9,7,0,1
203076,2013-14,9,10,1,1
203076,2013-14,9,15,0,1
203076,2013-14,9,17,0,1
203076,2013-14,9,18,0,1
203076,2013-14,9,19,0,1
203076,2013-14,10,6,0,1
203076,2013-14,10,15,1,1
203076,2013-14,10,17,0,1
203076,2013-14,10,18,0,2
203076,2013-14,10,20,0,2
203076,2013-14,10,22,1,1
203076,2013-14,11,4,1,1
203076,2013-14,11,5,0,1
203076,2013-14,11,7,0,1
203076,2013-14,11,8,0,1
203076,2013-14,11,12,1,1
203076,2013-14,11,13,0,1
203076,2013-14,11,19,1,2
203076,2013-14,11,20,1,2
203076,2013-14,11,21,1,1
203076,2013-14,12,6,1,1
203076,2013-14,12,8,1,1
203076,2013-14,12,9,1,1
203076,2013-14,12,10,0,1
203076,2013-14,12,13,0,1
203076,2013-14,12,14,0,1
203076,2013-14,12,15,1,1
203076,2013-14,12,18,1,1
203076,2013-14,12,19,0,3
203076,2013-14,12,20,0,1
203076,2013-14,12,22,0,1
203076,2013-14,13,5,2,2
203076,2013-14,13,7,0,1
203076,2013-14,13,11,1,1
203076,2013-14,13,12,0,1
203076,2013-14,13,13,1,1
203076,2013-14,13,14,0,1
203076,2013-14,13,15,0,1
203076,2013-14,14,4,1,1
203076,2013-14,14,6,0,3
203076,2013-14,14,7,0,1
203076,2013-14,14,8,1,1
203076,2013-14,14,9,0,1
203076,2013-14,14,10,0,1
203076,2013-14,14,14,0,1
203076,2013-14,14,18,0,1
203076,2013-14,15,3,0,1
203076,2013-14,15,5,0,2
203076,2013-14,15,6,2,3
203076,2013-14,15,7,0,1
203076,2013-14,15,8,1,1
203076,2013-14,15,11,1,2
203076,2013-14,15,12,0,1
203076,2013-14,15,13,1,2
203076,2013-14,15,15,0,1
203076,2013-14,16,6,0,1
203076,2013-14,16,7,0,1
203076,2013-14,16,8,0,1
203076,2013-14,16,9,1,1
203076,2013-14,16,10,0,1
203076,2013-14,16,12,1,1
203076,2013-14,17,5,1,2
203076,2013-14,17,7,0,1
203076,2013-14,17,8,1,1
203076,2013-14,17,10,0,1
203076,2013-14,17,13,1,1
203076,2013-14,17,15,0,1
203076,2013-14,18,11,1,1
203076,2013-14,19,5,1,1
203076,2013-14,19,7,1,1
203076,2013-14,20,3,1,1
203076,2013-14,20,4,0,1
203076,2013-14,20,7,1,1
203076,2013-14,23,13,0,1
203076,2013-14,24,13,0,1
203076,2014-15,-23,6,0,1
203076,2014-15,-22,6,0,1
203076,2014-15,-21,19,0,1
203076,2014-15,-19,5,1,2
203076,2014-15,-18,7,0,1
203076,2014-15,-18,10,1,1
203076,2014-15,-18,11,0,1
203076,2014-15,-18,13,0,1
203076,2014-15,-17,3,1,1
203076,2014-15,-17,4,1,1
203076,2014-15,-17,5,3,7
203076,2014-15,-17,6,0,4
203076,2014-15,-17,7,0,1
203076,2014-15,-17,8,1,2
203076,2014-15,-17,10,0,1
203076,2014-15,-17,11,0,1
203076,2014-15,-17,12,1,1
203076,2014-15,-17,13,0,1
203076,2014-15,-17,16,0,2
203076,2014-15,-16,4,1,2
203076,2014-15,-16,5,1,5
203076,2014-15,-16,6,0,4
203076,2014-15,-16,7,1,2
203076,2014-15,-16,8,1,1
203076,2014-15,-16,9,1,1
203076,2014-15,-16,10,1,2
203076,2014-15,-16,11,1,2
203076,2014-15,-16,12,0,1
203076,2014-15,-16,13,2,2
203076,2014-15,-16,14,0,2
203076,2014-15,-16,17,1,1
203076,2014-15,-15,4,1,1
203076,2014-15,-15,5,2,3
203076,2014-15,-15,6,1,3
203076,2014-15,-15,7,1,3
203076,2014-15,-15,8,2,4
203076,2014-15,-15,9,1,4
203076,2014-15,-15,11,0,1
203076,2014-15,-15,15,0,1
203076,2014-15,-15,17,1,1
203076,2014-15,-15,18,0,1
203076,2014-15,-14,5,2,3
203076,2014-15,-14,6,2,2
203076,2014-15,-14,7,2,3
203076,2014-15,-14,8,1,5
203076,2014-15,-14,9,0,2
203076,2014-15,-14,10,0,1
203076,2014-15,-14,11,0,2
203076,2014-15,-14,12,0,1
203076,2014-15,-14,13,0,2
203076,2014-15,-14,15,1,1
203076,2014-15,-14,16,0,1
203076,2014-15,-14,18,1,1
203076,2014-15,-14,19,0,2
203076,2014-15,-13,5,0,1
203076,2014-15,-13,6,1,1
203076,2014-15,-13,7,1,2
203076,2014-15,-13,8,0,1
203076,2014-15,-13,9,2,2
203076,2014-15,-13,11,0,1
203076,2014-15,-13,13,2,2
203076,2014-15,-13,16,1,1
203076,2014-15,-13,17,1,3
203076,2014-15,-13,19,0,1
203076,2014-15,-13,20,1,1
203076,2014-15,-12,4,1,1
203076,2014-15,-12,5,0,2
203076,2014-15,-12,6,0,1
203076,2014-15,-12,7,1,1
203076,2014-15,-12,9,0,2
203076,2014-15,-12,14,0,2
203076,2014-15,-12,15,2,3
203076,2014-15,-12,16,1,1
203076,2014-15,-12,20,1,2
203076,2014-15,-11,5,0,1
203076,2014-15,-11,6,1,1
203076,2014-15,-11,7,0,1
203076,2014-15,-11,8,1,1
203076,2014-15,-11,9,2,2
203076,2014-15,-11,10,1,1
203076,2014-15,-11,11,0,1
203076,2014-15,-11,12,0,1
203076,2014-15,-11,13,0,1
203076,2014-15,-11,14,0,1
203076,2014-15,-11,15,1,2
203076,2014-15,-11,16,0,2
203076,2014-15,-11,17,0,1
203076,2014-15,-11,18,0,3
203076,2014-15,-11,19,0,1
203076,2014-15,-11,22,1,1
203076,2014-15,-10,5,0,1
203076,2014-15,-10,6,3,5
203076,2014-15,-10,8,1,1
203076,2014-15,-10,9,0,1
203076,2014-15,-10,12,0,1
203076,2014-15,-10,13,2,3
203076,2014-15,-10,14,1,1
203076,2014-15,-10,15,1,1
203076,2014-15,-10,18,0,1
203076,2014-15,-10,19,1,1
203076,2014-15,-10,20,2,2
203076,2014-15,-10,21,1,1
203076,2014-15,-10,22,0,1
203076,2014-15,-9,4,1,1
203076,2014-15,-9,6,1,2
203076,2014-15,-9,8,3,4
203076,2014-15,-9,9,1,1
203076,2014-15,-9,11,0,1
203076,2014-15,-9,12,1,1
203076,2014-15,-9,15,0,2
203076,2014-15,-9,18,2,3
203076,2014-15,-9,19,0,1
203076,2014-15,-9,20,0,1
203076,2014-15,-9,21,2,2
203076,2014-15,-9,22,1,2
203076,2014-15,-8,5,2,2
203076,2014-15,-8,6,2,2
203076,2014-15,-8,7,1,1
203076,2014-15,-8,9,1,3
203076,2014-15,-8,14,0,1
203076,2014-15,-8,15,0,1
203076,2014-15,-8,18,0,1
203076,2014-15,-8,19,2,2
203076,2014-15,-8,20,0,2
203076,2014-15,-8,21,0,2
203076,2014-15,-8,22,0,2
203076,2014-15,-8,23,1,2
203076,2014-15,-7,5,0,3
203076,2014-15,-7,6,0,1
203076,2014-15,-7,8,1,4
203076,2014-15,-7,9,1,2
203076,2014-15,-7,11,0,1
203076,2014-15,-7,12,0,1
203076,2014-15,-7,13,1,1
203076,2014-15,-7,16,0,1
203076,2014-15,-7,17,0,1
203076,2014-15,-7,19,0,1
203076,2014-15,-7,20,1,1
203076,2014-15,-7,21,1,1
203076,2014-15,-7,22,4,7
203076,2014-15,-7,23,0,1
203076,2014-15,-7,24,2,2
203076,2014-15,-7,25,0,1
203076,2014-15,-6,5,0,1
203076,2014-15,-6,6,1,1
203076,2014-15,-6,7,1,1
203076,2014-15,-6,9,0,2
203076,2014-15,-6,10,1,1
203076,2014-15,-6,11,1,3
203076,2014-15,-6,13,0,1
203076,2014-15,-6,16,1,1
203076,2014-15,-6,17,0,1
203076,2014-15,-6,19,0,2
203076,2014-15,-6,21,0,1
203076,2014-15,-6,22,1,2
203076,2014-15,-6,23,1,1
203076,2014-15,-6,25,0,1
203076,2014-15,-5,5,0,1
203076,2014-15,-5,6,1,1
203076,2014-15,-5,9,0,1
203076,2014-15,-5,10,0,1
203076,2014-15,-5,13,1,1
203076,2014-15,-5,16,1,2
203076,2014-15,-5,19,0,2
203076,2014-15,-5,21,0,1
203076,2014-15,-5,24,0,1
203076,2014-15,-5,25,1,1
203076,2014-15,-4,5,2,2
203076,2014-15,-4,7,1,1
203076,2014-15,-4,8,0,1
203076,2014-15,-4,9,1,2
203076,2014-15,-4,10,1,4
203076,2014-15,-4,11,1,1
203076,2014-15,-4,13,1,1
203076,2014-15,-4,14,1,1
203076,2014-15,-4,15,1,3
203076,2014-15,-4,19,0,3
203076,2014-15,-4,20,1,2
203076,2014-15,-4,21,0,1
203076,2014-15,-4,23,0,3
203076,2014-15,-4,24,1,2
203076,2014-15,-3,5,0,6
203076,2014-15,-3,7,0,1
203076,2014-15,-3,8,1,2
203076,2014-15,-3,10,1,2
203076,2014-15,-3,14,1,2
203076,2014-15,-3,15,0,1
203076,2014-15,-3,16,0,1
203076,2014-15,-3,20,1,1
203076,2014-15,-3,21,1,1
203076,2014-15,-3,22,0,2
203076,2014-15,-3,24,1,2
203076,2014-15,-3,25,0,1
203076,2014-15,-2,5,13,22
203076,2014-15,-2,6,1,1
203076,2014-15,-2,7,1,5
203076,2014-15,-2,8,1,2
203076,2014-15,-2,10,1,1
203076,2014-15,-2,11,1,3
203076,2014-15,-2,13,1,1
203076,2014-15,-2,15,0,1
203076,2014-15,-2,16,0,1
203076,2014-15,-2,18,1,1
203076,2014-15,-2,19,1,1
203076,2014-15,-2,22,1,2
203076,2014-15,-2,25,0,2
203076,2014-15,-1,5,24,40
203076,2014-15,-1,6,5,10
203076,2014-15,-1,7,3,4
203076,2014-15,-1,8,1,1
203076,2014-15,-1,10,1,3
203076,2014-15,-1,11,0,2
203076,2014-15,-1,12,1,2
203076,2014-15,-1,13,1,1
203076,2014-15,-1,15,1,2
203076,2014-15,-1,20,0,3
203076,2014-15,-1,21,1,2
203076,2014-15,-1,22,1,5
203076,2014-15,-1,23,3,4
203076,2014-15,-1,24,1,2
203076,2014-15,-1,25,1,2
203076,2014-15,-1,26,0,1
203076,2014-15,0,5,191,219
203076,2014-15,0,6,20,29
203076,2014-15,0,7,10,16
203076,2014-15,0,8,4,7
203076,2014-15,0,9,5,6
203076,2014-15,0,10,4,10
203076,2014-15,0,11,1,2
203076,2014-15,0,12,2,3
203076,2014-15,0,13,2,4
203076,2014-15,0,14,1,2
203076,2014-15,0,15,1,1
203076,2014-15,0,16,0,3
203076,2014-15,0,17,1,1
203076,2014-15,0,18,3,3
203076,2014-15,0,20,5,8
203076,2014-15,0,21,2,2
203076,2014-15,0,22,2,3
203076,2014-15,0,23,3,8
203076,2014-15,0,24,4,6
203076,2014-15,0,25,2,3
203076,2014-15,0,26,0,1
203076,2014-15,1,4,1,1
203076,2014-15,1,5,16,26
203076,2014-15,1,6,5,15
203076,2014-15,1,7,2,4
203076,2014-15,1,8,3,4
203076,2014-15,1,9,0,5
203076,2014-15,1,10,0,3
203076,2014-15,1,11,0,1
203076,2014-15,1,12,1,1
203076,2014-15,1,13,0,1
203076,2014-15,1,18,0,1
203076,2014-15,1,20,0,1
203076,2014-15,1,21,1,1
203076,2014-15,1,22,2,3
203076,2014-15,1,23,0,1
203076,2014-15,1,24,0,3
203076,2014-15,1,25,0,1
203076,2014-15,1,34,1,2
203076,2014-15,2,4,0,1
203076,2014-15,2,5,23,37
203076,2014-15,2,6,2,5
203076,2014-15,2,7,2,4
203076,2014-15,2,8,1,2
203076,2014-15,2,9,1,1
203076,2014-15,2,10,2,3
203076,2014-15,2,11,1,2
203076,2014-15,2,12,1,1
203076,2014-15,2,14,1,1
203076,2014-15,2,19,2,3
203076,2014-15,2,21,1,2
203076,2014-15,2,22,0,2
203076,2014-15,2,23,1,1
203076,2014-15,2,24,1,2
203076,2014-15,3,5,4,7
203076,2014-15,3,6,0,1
203076,2014-15,3,7,1,2
203076,2014-15,3,8,2,2
203076,2014-15,3,9,0,1
203076,2014-15,3,10,0,1
203076,2014-15,3,14,0,1
203076,2014-15,3,17,0,1
203076,2014-15,3,20,1,1
203076,2014-15,3,21,1,1
203076,2014-15,3,22,2,3
203076,2014-15,3,23,2,3
203076,2014-15,3,24,1,3
203076,2014-15,3,25,0,1
203076,2014-15,4,6,1,3
203076,2014-15,4,7,1,1
203076,2014-15,4,8,0,1
203076,2014-15,4,9,0,1
203076,2014-15,4,13,1,1
203076,2014-15,4,14,1,2
203076,2014-15,4,16,1,1
203076,2014-15,4,19,2,2
203076,2014-15,4,20,0,1
203076,2014-15,4,21,1,3
203076,2014-15,4,23,2,4
203076,2014-15,4,24,0,1
203076,2014-15,4,26,0,1
203076,2014-15,5,5,0,1
203076,2014-15,5,6,0,1
203076,2014-15,5,7,0,1
203076,2014-15,5,8,0,1
203076,2014-15,5,9,1,1
203076,2014-15,5,10,0,1
203076,2014-15,5,11,0,1
203076,2014-15,5,13,0,1
203076,2014-15,5,14,1,1
203076,2014-15,5,16,1,1
203076,2014-15,5,18,0,1
203076,2014-15,5,20,1,1
203076,2014-15,5,21,1,2
203076,2014-15,5,23,1,2
203076,2014-15,5,24,0,2
203076,2014-15,5,25,0,1
203076,2014-15,6,5,2,3
203076,2014-15,6,6,1,1
203076,2014-15,6,7,1,1
203076,2014-15,6,8,0,1
203076,2014-15,6,9,0,2
203076,2014-15,6,10,0,3
203076,2014-15,6,11,0,1
203076,2014-15,6,14,0,1
203076,2014-15,6,19,1,1
203076,2014-15,6,20,1,2
203076,2014-15,6,21,1,2
203076,2014-15,6,22,2,2
203076,2014-15,6,23,0,4
203076,2014-15,6,24,1,1
203076,2014-15,7,5,0,1
203076,2014-15,7,6,0,2
203076,2014-15,7,7,0,1
203076,2014-15,7,10,0,1
203076,2014-15,7,12,0,1
203076,2014-15,7,13,1,1
203076,2014-15,7,16,1,2
203076,2014-15,7,20,0,1
203076,2014-15,7,21,0,1
203076,2014-15,7,22,2,2
203076,2014-15,7,23,2,3
203076,2014-15,8,5,1,2
203076,2014-15,8,7,1,2
203076,2014-15,8,8,0,2
203076,2014-15,8,9,1,3
203076,2014-15,8,10,0,1
203076,2014-15,8,16,0,1
203076,2014-15,8,18,2,2
203076,2014-15,8,19,1,2
203076,2014-15,8,20,1,1
203076,2014-15,8,21,2,3
203076,2014-15,8,22,1,2
203076,2014-15,8,23,1,2
203076,2014-15,8,28,0,1
203076,2014-15,9,5,0,1
203076,2014-15,9,12,1,1
203076,2014-15,9,15,1,1
203076,2014-15,9,17,1,2
203076,2014-15,9,18,1,1
203076,2014-15,9,19,0,1
203076,2014-15,9,21,2,2
203076,2014-15,9,23,1,1
203076,2014-15,9,24,1,1
203076,2014-15,10,5,1,1
203076,2014-15,10,9,0,1
203076,2014-15,10,13,1,2
203076,2014-15,10,19,0,2
203076,2014-15,10,21,2,3
203076,2014-15,10,22,0,1
203076,2014-15,11,5,1,3
203076,2014-15,11,7,0,1
203076,2014-15,11,8,0,1
203076,2014-15,11,9,1,1
203076,2014-15,11,11,1,2
203076,2014-15,11,13,0,1
203076,2014-15,11,14,1,1
203076,2014-15,11,15,0,2
203076,2014-15,11,17,3,5
203076,2014-15,11,19,1,2
203076,2014-15,11,20,2,2
203076,2014-15,11,21,1,1
203076,2014-15,11,23,0,2
203076,2014-15,12,6,2,3
203076,2014-15,12,7,0,3
203076,2014-15,12,8,1,2
203076,2014-15,12,9,0,1
203076,2014-15,12,11,0,1
203076,2014-15,12,13,0,1
203076,2014-15,12,14,1,1
203076,2014-15,12,15,1,1
203076,2014-15,12,17,1,1
203076,2014-15,12,19,0,1
203076,2014-15,12,21,1,1
203076,2014-15,13,5,0,1
203076,2014-15,13,9,2,2
203076,2014-15,13,10,0,1
203076,2014-15,13,12,2,2
203076,2014-15,13,13,1,1
203076,2014-15,13,14,0,1
203076,2014-15,13,15,0,1
203076,2014-15,13,16,1,1
203076,2014-15,13,17,0,2
203076,2014-15,13,19,1,2
203076,2014-15,13,20,1,1
203076,2014-15,13,21,1,1
203076,2014-15,14,5,1,3
203076,2014-15,14,6,1,1
203076,2014-15,14,9,2,2
203076,2014-15,14,11,0,2
203076,2014-15,14,12,0,1
203076,2014-15,14,13,1,1
203076,2014-15,14,14,0,1
203076,2014-15,14,15,0,1
203076,2014-15,14,17,0,1
203076,2014-15,15,5,1,2
203076,2014-15,15,6,0,1
203076,2014-15,15,9,1,1
203076,2014-15,15,13,0,2
203076,2014-15,15,16,0,3
203076,2014-15,15,17,1,1
203076,2014-15,16,5,0,4
203076,2014-15,16,6,0,3
203076,2014-15,16,9,0,2
203076,2014-15,17,5,1,1
203076,2014-15,17,6,0,1
203076,2014-15,17,7,1,1
203076,2014-15,17,8,0,1
203076,2014-15,17,10,0,1
203076,2014-15,17,11,1,1
203076,2014-15,17,12,1,1
203076,2014-15,17,13,0,1
203076,2014-15,17,18,0,1
203076,2014-15,18,3,0,1
203076,2014-15,18,5,1,2
203076,2014-15,18,7,0,1
203076,2014-15,18,8,1,2
203076,2014-15,18,10,1,2
203076,2014-15,20,8,0,1
203076,2014-15,22,7,0,1
203076,2014-15,22,16,0,1
203076,2014-15,23,5,0,1
203076,2015-16,-24,6,2,3
203076,2015-16,-24,10,1,1
203076,2015-16,-24,14,1,1
203076,2015-16,-23,4,0,2
203076,2015-16,-23,5,1,2
203076,2015-16,-23,8,0,1
203076,2015-16,-23,10,0,1
203076,2015-16,-22,5,0,1
203076,2015-16,-22,6,0,1
203076,2015-16,-22,11,0,1
203076,2015-16,-22,17,0,1
203076,2015-16,-21,6,1,1
203076,2015-16,-20,5,1,1
203076,2015-16,-20,6,1,1
203076,2015-16,-20,18,0,1
203076,2015-16,-19,4,0,1
203076,2015-16,-19,8,0,1
203076,2015-16,-19,21,0,1
203076,2015-16,-19,22,1,1
203076,2015-16,-19,24,1,1
203076,2015-16,-18,5,1,2
203076,2015-16,-18,21,1,1
203076,2015-16,-17,4,0,1
203076,2015-16,-17,5,1,3
203076,2015-16,-17,7,0,2
203076,2015-16,-17,8,0,1
203076,2015-16,-17,11,1,1
203076,2015-16,-17,12,2,2
203076,2015-16,-17,17,1,1
203076,2015-16,-17,18,1,1
203076,2015-16,-17,24,0,1
203076,2015-16,-16,4,1,1
203076,2015-16,-16,5,2,4
203076,2015-16,-16,6,1,2
203076,2015-16,-16,7,2,2
203076,2015-16,-16,8,1,2
203076,2015-16,-16,9,0,1
203076,2015-16,-16,10,0,2
203076,2015-16,-16,11,3,6
203076,2015-16,-16,12,0,1
203076,2015-16,-16,13,3,4
203076,2015-16,-16,15,0,1
203076,2015-16,-16,17,0,1
203076,2015-16,-16,24,0,1
203076,2015-16,-15,7,1,3
203076,2015-16,-15,8,0,1
203076,2015-16,-15,9,0,2
203076,2015-16,-15,10,0,2
203076,2015-16,-15,11,0,1
203076,2015-16,-15,13,0,2
203076,2015-16,-15,14,1,2
203076,2015-16,-15,15,1,1
203076,2015-16,-15,16,0,1
203076,2015-16,-15,18,1,1
203076,2015-16,-15,23,1,1
203076,2015-16,-15,25,0,1
203076,2015-16,-15,26,0,1
203076,2015-16,-14,5,2,5
203076,2015-16,-14,6,1,2
203076,2015-16,-14,8,0,1
203076,2015-16,-14,9,1,1
203076,2015-16,-14,10,1,1
203076,2015-16,-14,11,1,2
203076,2015-16,-14,12,1,3
203076,2015-16,-14,13,1,1
203076,2015-16,-14,14,0,2
203076,2015-16,-14,16,1,1
203076,2015-16,-14,17,2,3
203076,2015-16,-14,18,0,3
203076,2015-16,-14,19,0,3
203076,2015-16,-14,24,0,1
203076,2015-16,-14,26,1,1
203076,2015-16,-14,27,0,1
203076,2015-16,-13,7,2,2
203076,2015-16,-13,11,0,2
203076,2015-16,-13,13,0,1
203076,2015-16,-13,14,0,1
203076,2015-16,-13,17,0,1
203076,2015-16,-13,18,1,2
203076,2015-16,-13,26,0,2
203076,2015-16,-13,28,0,1
203076,2015-16,-12,4,1,1
203076,2015-16,-12,5,1,1
203076,2015-16,-12,7,1,2
203076,2015-16,-12,8,0,1
203076,2015-16,-12,9,0,1
203076,2015-16,-12,11,0,1
203076,2015-16,-12,13,1,1
203076,2015-16,-12,14,0,1
203076,2015-16,-12,17,0,2
203076,2015-16,-12,18,0,2
203076,2015-16,-12,21,1,2
203076,2015-16,-12,22,1,1
203076,2015-16,-12,23,0,1
203076,2015-16,-11,5,0,1
203076,2015-16,-11,9,0,2
203076,2015-16,-11,11,2,2
203076,2015-16,-11,12,0,1
203076,2015-16,-11,13,0,1
203076,2015-16,-11,14,0,1
203076,2015-16,-11,15,1,3
203076,2015-16,-11,16,1,1
203076,2015-16,-11,18,1,3
203076,2015-16,-11,19,0,1
203076,2015-16,-11,22,0,3
203076,2015-16,-11,29,1,1
203076,2015-16,-10,4,1,1
203076,2015-16,-10,5,1,1
203076,2015-16,-10,7,1,3
203076,2015-16,-10,9,3,5
203076,2015-16,-10,12,0,1
203076,2015-16,-10,14,0,1
203076,2015-16,-10,18,1,1
203076,2015-16,-10,19,1,1
203076,2015-16,-10,20,1,5
203076,2015-16,-10,22,0,1
203076,2015-16,-10,27,0,2
203076,2015-16,-10,28,1,1
203076,2015-16,-9,5,1,5
203076,2015-16,-9,6,2,3
203076,2015-16,-9,8,1,2
203076,2015-16,-9,9,1,2
203076,2015-16,-9,10,1,1
203076,2015-16,-9,11,0,2
203076,2015-16,-9,15,1,1
203076,2015-16,-9,16,1,1
203076,2015-16,-9,17,0,2
203076,2015-16,-9,20,1,2
203076,2015-16,-9,22,2,2
203076,2015-16,-9,28,0,1
203076,2015-16,-8,5,1,4
203076,2015-16,-8,7,2,4
203076,2015-16,-8,8,1,2
203076,2015-16,-8,9,1,1
203076,2015-16,-8,10,0,1
203076,2015-16,-8,11,0,1
203076,2015-16,-8,13,1,1
203076,2015-16,-8,15,1,2
203076,2015-16,-8,16,2,2
203076,2015-16,-8,17,0,1
203076,2015-16,-8,19,0,2
203076,2015-16,-8,20,1,1
203076,2015-16,-8,22,1,3
203076,2015-16,-8,23,1,2
203076,2015-16,-7,4,0,1
203076,2015-16,-7,5,1,4
203076,2015-16,-7,6,1,3
203076,2015-16,-7,7,1,1
203076,2015-16,-7,9,1,3
203076,2015-16,-7,11,0,1
203076,2015-16,-7,13,0,1
203076,2015-16,-7,15,0,1
203076,2015-16,-7,16,0,1
203076,2015-16,-7,18,1,1
203076,2015-16,-7,20,0,1
203076,2015-16,-7,21,2,3
203076,2015-16,-7,22,1,2
203076,2015-16,-7,23,1,4
203076,2015-16,-7,24,1,2
203076,2015-16,-7,29,1,1
203076,2015-16,-6,5,0,2
203076,2015-16,-6,7,1,2
203076,2015-16,-6,8,1,1
203076,2015-16,-6,9,2,3
203076,2015-16,-6,11,0,1
203076,2015-16,-6,12,0,1
203076,2015-16,-6,15,0,1
203076,2015-16,-6,16,0,1
203076,2015-16,-6,17,0,4
203076,2015-16,-6,19,1,2
203076,2015-16,-6,20,2,2
203076,2015-16,-6,24,2,2
203076,2015-16,-6,28,1,1
203076,2015-16,-6,29,1,1
203076,2015-16,-5,5,1,3
203076,2015-16,-5,6,0,1
203076,2015-16,-5,7,2,3
203076,2015-16,-5,8,1,3
203076,2015-16,-5,9,1,2
203076,2015-16,-5,10,1,1
203076,2015-16,-5,11,0,1
203076,2015-16,-5,12,1,3
203076,2015-16,-5,13,0,2
203076,2015-16,-5,18,0,1
203076,2015-16,-5,20,1,2
203076,2015-16,-5,21,0,2
203076,2015-16,-5,22,0,1
203076,2015-16,-5,23,0,1
203076,2015-16,-5,24,0,1
203076,2015-16,-5,29,0,1
203076,2015-16,-4,5,1,2
203076,2015-16,-4,7,0,1
203076,2015-16,-4,8,0,1
203076,2015-16,-4,9,0,1
203076,2015-16,-4,10,0,2
203076,2015-16,-4,13,1,1
203076,2015-16,-4,15,0,1
203076,2015-16,-4,17,0,1
203076,2015-16,-4,18,0,1
203076,2015-16,-4,19,1,2
203076,2015-16,-4,21,1,1
203076,2015-16,-4,22,1,1
203076,2015-16,-4,23,0,2
203076,2015-16,-4,24,0,1
203076,2015-16,-4,25,2,3
203076,2015-16,-4,28,0,1
203076,2015-16,-4,29,1,1
203076,2015-16,-3,5,0,3
203076,2015-16,-3,7,0,1
203076,2015-16,-3,10,1,1
203076,2015-16,-3,11,1,2
203076,2015-16,-3,12,1,2
203076,2015-16,-3,13,1,1
203076,2015-16,-3,15,0,1
203076,2015-16,-3,17,0,1
203076,2015-16,-3,19,1,1
203076,2015-16,-3,21,1,1
203076,2015-16,-3,22,0,1
203076,2015-16,-3,28,0,1
203076,2015-16,-2,4,1,1
203076,2015-16,-2,5,7,23
203076,2015-16,-2,6,1,5
203076,2015-16,-2,7,1,2
203076,2015-16,-2,8,1,1
203076,2015-16,-2,9,1,1
203076,2015-16,-2,10,0,2
203076,2015-16,-2,11,0,2
203076,2015-16,-2,13,0,1
203076,2015-16,-2,16,0,1
203076,2015-16,-2,17,0,1
203076,2015-16,-2,19,0,1
203076,2015-16,-2,20,0,1
203076,2015-16,-2,22,0,1
203076,2015-16,-2,25,1,1
203076,2015-16,-2,27,1,1
203076,2015-16,-2,29,1,2
203076,2015-16,-2,30,0,1
203076,2015-16,-1,5,16,19
203076,2015-16,-1,6,6,10
203076,2015-16,-1,7,1,4
203076,2015-16,-1,8,2,3
203076,2015-16,-1,9,2,2
203076,2015-16,-1,10,1,1
203076,2015-16,-1,11,2,3
203076,2015-16,-1,16,0,1
203076,2015-16,-1,17,2,2
203076,2015-16,-1,18,1,1
203076,2015-16,-1,20,2,3
203076,2015-16,-1,21,0,2
203076,2015-16,-1,22,1,2
203076,2015-16,-1,23,0,1
203076,2015-16,-1,24,1,1
203076,2015-16,-1,25,0,1
203076,2015-16,-1,26,1,1
203076,2015-16,-1,29,1,2
203076,2015-16,0,5,171,208
203076,2015-16,0,6,9,25
203076,2015-16,0,7,2,8
203076,2015-16,0,8,0,3
203076,2015-16,0,9,4,10
203076,2015-16,0,10,2,7
203076,2015-16,0,11,4,9
203076,2015-16,0,12,2,5
203076,2015-16,0,13,1,2
203076,2015-16,0,14,2,6
203076,2015-16,0,15,1,2
203076,2015-16,0,16,2,2
203076,2015-16,0,17,2,3
203076,2015-16,0,18,0,2
203076,2015-16,0,20,1,1
203076,2015-16,0,21,0,1
203076,2015-16,0,22,1,4
203076,2015-16,0,23,3,5
203076,2015-16,0,24,2,5
203076,2015-16,0,25,1,2
203076,2015-16,0,26,2,2
203076,2015-16,0,29,0,1
203076,2015-16,0,30,0,1
203076,2015-16,0,31,1,1
203076,2015-16,1,5,7,12
203076,2015-16,1,6,6,9
203076,2015-16,1,7,3,5
203076,2015-16,1,8,2,3
203076,2015-16,1,9,1,3
203076,2015-16,1,10,2,2
203076,2015-16,1,13,1,2
203076,2015-16,1,15,1,2
203076,2015-16,1,18,1,1
203076,2015-16,1,19,1,1
203076,2015-16,1,21,0,2
203076,2015-16,1,22,1,1
203076,2015-16,1,23,2,2
203076,2015-16,1,24,1,1
203076,2015-16,1,25,0,1
203076,2015-16,1,26,1,1
203076,2015-16,1,29,1,3
203076,2015-16,1,32,0,1
203076,2015-16,2,4,0,1
203076,2015-16,2,5,7,10
203076,2015-16,2,6,0,1
203076,2015-16,2,7,0,1
203076,2015-16,2,8,1,1
203076,2015-16,2,9,2,2
203076,2015-16,2,10,0,2
203076,2015-16,2,11,0,1
203076,2015-16,2,12,1,2
203076,2015-16,2,15,0,1
203076,2015-16,2,16,1,1
203076,2015-16,2,17,0,1
203076,2015-16,2,18,1,2
203076,2015-16,2,19,1,1
203076,2015-16,2,22,0,1
203076,2015-16,2,23,1,1
203076,2015-16,2,28,1,1
203076,2015-16,2,29,0,2
203076,2015-16,2,30,0,1
203076,2015-16,3,5,1,1
203076,2015-16,3,6,1,3
203076,2015-16,3,8,1,2
203076,2015-16,3,10,0,1
203076,2015-16,3,13,0,1
203076,2015-16,3,14,2,2
203076,2015-16,3,17,1,1
203076,2015-16,3,19,0,1
203076,2015-16,3,20,2,3
203076,2015-16,3,22,2,2
203076,2015-16,3,23,0,1
203076,2015-16,3,26,0,1
203076,2015-16,3,28,0,1
203076,2015-16,3,29,1,2
203076,2015-16,4,5,0,2
203076,2015-16,4,7,1,2
203076,2015-16,4,9,1,3
203076,2015-16,4,13,0,1
203076,2015-16,4,16,1,1
203076,2015-16,4,17,0,1
203076,2015-16,4,19,0,1
203076,2015-16,4,20,0,1
203076,2015-16,4,21,0,2
203076,2015-16,4,22,0,1
203076,2015-16,4,23,1,2
203076,2015-16,4,29,0,2
203076,2015-16,5,5,1,2
203076,2015-16,5,6,2,3
203076,2015-16,5,7,0,1
203076,2015-16,5,10,1,1
203076,2015-16,5,11,0,1
203076,2015-16,5,13,0,4
203076,2015-16,5,14,0,1
203076,2015-16,5,16,1,1
203076,2015-16,5,19,0,1
203076,2015-16,5,21,1,2
203076,2015-16,5,22,2,2
203076,2015-16,5,24,0,1
203076,2015-16,5,28,0,1
203076,2015-16,5,29,1,1
203076,2015-16,6,5,2,2
203076,2015-16,6,7,1,1
203076,2015-16,6,8,1,1
203076,2015-16,6,9,1,1
203076,2015-16,6,10,0,1
203076,2015-16,6,13,0,1
203076,2015-16,6,15,1,2
203076,2015-16,6,17,0,1
203076,2015-16,6,18,0,1
203076,2015-16,6,19,0,1
203076,2015-16,6,20,1,1
203076,2015-16,6,21,1,2
203076,2015-16,6,24,1,1
203076,2015-16,6,28,0,1
203076,2015-16,6,29,0,1
203076,2015-16,7,5,1,1
203076,2015-16,7,6,2,4
203076,2015-16,7,7,2,4
203076,2015-16,7,8,1,1
203076,2015-16,7,9,0,1
203076,2015-16,7,11,1,1
203076,2015-16,7,12,2,2
203076,2015-16,7,17,0,1
203076,2015-16,7,18,2,2
203076,2015-16,7,19,1,1
203076,2015-16,7,22,1,1
203076,2015-16,7,23,1,1
203076,2015-16,7,24,1,1
203076,2015-16,7,27,0,1
203076,2015-16,7,29,0,2
203076,2015-16,8,5,0,4
203076,2015-16,8,6,1,3
203076,2015-16,8,7,0,1
203076,2015-16,8,8,0,1
203076,2015-16,8,9,0,2
203076,2015-16,8,11,1,1
203076,2015-16,8,18,0,1
203076,2015-16,8,19,1,1
203076,2015-16,8,20,1,1
203076,2015-16,8,21,1,2
203076,2015-16,8,24,0,1
203076,2015-16,9,5,1,4
203076,2015-16,9,9,0,1
203076,2015-16,9,11,0,1
203076,2015-16,9,15,0,1
203076,2015-16,9,16,0,2
203076,2015-16,9,19,1,1
203076,2015-16,9,20,0,2
203076,2015-16,9,21,0,1
203076,2015-16,9,23,0,1
203076,2015-16,9,29,1,1
203076,2015-16,10,5,0,1
203076,2015-16,10,6,0,1
203076,2015-16,10,7,0,1
203076,2015-16,10,10,1,1
203076,2015-16,10,12,0,1
203076,2015-16,10,18,3,5
203076,2015-16,10,19,2,3
203076,2015-16,10,21,0,1
203076,2015-16,10,22,1,3
203076,2015-16,10,27,1,2
203076,2015-16,10,28,0,1
203076,2015-16,11,5,0,2
203076,2015-16,11,6,1,1
203076,2015-16,11,9,1,2
203076,2015-16,11,10,1,1
203076,2015-16,11,16,1,1
203076,2015-16,11,17,0,1
203076,2015-16,11,18,0,1
203076,2015-16,11,19,0,1
203076,2015-16,11,21,0,1
203076,2015-16,11,22,1,1
203076,2015-16,11,23,0,1
203076,2015-16,11,26,0,2
203076,2015-16,11,27,1,2
203076,2015-16,12,5,0,1
203076,2015-16,12,6,0,2
203076,2015-16,12,7,1,1
203076,2015-16,12,8,1,1
203076,2015-16,12,12,1,2
203076,2015-16,12,14,1,1
203076,2015-16,12,15,0,1
203076,2015-16,12,17,0,1
203076,2015-16,12,18,1,1
203076,2015-16,12,19,1,1
203076,2015-16,12,20,1,1
203076,2015-16,12,21,1,1
203076,2015-16,12,26,0,2
203076,2015-16,13,6,0,1
203076,2015-16,13,8,1,3
203076,2015-16,13,9,1,2
203076,2015-16,13,10,1,1
203076,2015-16,13,11,1,2
203076,2015-16,13,13,0,2
203076,2015-16,13,16,0,1
203076,2015-16,13,17,1,1
203076,2015-16,13,22,0,1
203076,2015-16,13,25,0,2
203076,2015-16,14,5,0,1
203076,2015-16,14,6,1,2
203076,2015-16,14,9,1,1
203076,2015-16,14,12,1,1
203076,2015-16,14,13,0,1
203076,2015-16,14,14,2,2
203076,2015-16,14,15,0,1
203076,2015-16,14,17,0,2
203076,2015-16,14,18,0,1
203076,2015-16,14,25,0,1
203076,2015-16,14,26,1,3
203076,2015-16,14,27,0,1
203076,2015-16,15,4,1,1
203076,2015-16,15,5,0,2
203076,2015-16,15,7,0,1
203076,2015-16,15,8,1,1
203076,2015-16,15,11,1,2
203076,2015-16,15,16,1,1
203076,2015-16,15,18,1,3
203076,2015-16,15,26,1,1
203076,2015-16,15,27,0,1
203076,2015-16,16,5,0,1
203076,2015-16,16,12,1,1
203076,2015-16,16,18,0,1
203076,2015-16,17,8,0,2
203076,2015-16,17,16,0,1
203076,2015-16,17,25,1,1
203076,2015-16,18,5,0,1
203076,2015-16,18,6,0,1
203076,2015-16,18,12,0,1
203076,2015-16,18,21,0,1
203076,2015-16,18,22,1,1
203076,2015-16,19,5,1,1
203076,2015-16,19,15,1,1
203076,2015-16,19,19,1,1
203076,2015-16,19,22,1,1
203076,2015-16,20,6,1,1
203076,2015-16,22,5,0,1
203076,2015-16,22,6,0,3
203076,2015-16,23,5,1,5
203076,2015-16,23,6,1,1
203076,2015-16,23,7,1,1
203076,2016-17,-23,5,0,2
203076,2016-17,-23,7,0,1
203076,2016-17,-23,17,1,1
203076,2016-17,-22,6,1,1
203076,2016-17,-22,11,1,1
203076,2016-17,-22,17,0,1
203076,2016-17,-22,19,0,1
203076,2016-17,-21,5,1,1
203076,2016-17,-21,8,0,1
203076,2016-17,-21,18,0,1
203076,2016-17,-21,19,1,2
203076,2016-17,-20,5,0,2
203076,2016-17,-20,6,0,1
203076,2016-17,-20,8,0,1
203076,2016-17,-20,20,0,1
203076,2016-17,-20,21,0,1
203076,2016-17,-20,22,1,1
203076,2016-17,-19,4,0,1
203076,2016-17,-19,17,0,1
203076,2016-17,-19,19,1,1
203076,2016-17,-19,24,0,1
203076,2016-17,-18,4,0,1
203076,2016-17,-18,6,0,1
203076,2016-17,-18,8,0,1
203076,2016-17,-18,12,1,2
203076,2016-17,-18,14,0,2
203076,2016-17,-18,22,0,1
203076,2016-17,-18,24,0,1
203076,2016-17,-17,3,1,1
203076,2016-17,-17,4,0,1
203076,2016-17,-17,5,0,2
203076,2016-17,-17,6,3,5
203076,2016-17,-17,8,1,1
203076,2016-17,-17,9,1,2
203076,2016-17,-17,10,1,1
203076,2016-17,-17,11,0,1
203076,2016-17,-17,12,0,1
203076,2016-17,-17,14,0,1
203076,2016-17,-17,15,1,1
203076,2016-17,-17,16,1,2
203076,2016-17,-17,19,0,1
203076,2016-17,-17,23,0,1
203076,2016-17,-17,24,0,1
203076,2016-17,-17,25,0,1
203076,2016-17,-16,5,0,2
203076,2016-17,-16,6,2,4
203076,2016-17,-16,7,0,3
203076,2016-17,-16,8,1,1
203076,2016-17,-16,9,1,1
203076,2016-17,-16,10,1,2
203076,2016-17,-16,15,1,1
203076,2016-17,-16,16,1,2
203076,2016-17,-16,20,0,1
203076,2016-17,-16,21,1,1
203076,2016-17,-16,23,0,2
203076,2016-17,-15,6,0,3
203076,2016-17,-15,8,0,3
203076,2016-17,-15,9,1,1
203076,2016-17,-15,10,3,4
203076,2016-17,-15,11,1,3
203076,2016-17,-15,13,0,2
203076,2016-17,-15,14,1,1
203076,2016-17,-15,15,0,1
203076,2016-17,-15,16,1,1
203076,2016-17,-15,24,0,2
203076,2016-17,-14,4,1,1
203076,2016-17,-14,5,2,5
203076,2016-17,-14,6,2,3
203076,2016-17,-14,7,2,3
203076,2016-17,-14,8,1,1
203076,2016-17,-14,10,0,4
203076,2016-17,-14,11,0,1
203076,2016-17,-14,12,1,3
203076,2016-17,-14,14,1,1
203076,2016-17,-14,15,0,1
203076,2016-17,-14,16,0,1
203076,2016-17,-14,17,2,2
203076,2016-17,-14,18,0,1
203076,2016-17,-14,20,0,2
203076,2016-17,-14,27,0,1
203076,2016-17,-13,2,0,1
203076,2016-17,-13,4,1,2
203076,2016-17,-13,5,1,7
203076,2016-17,-13,6,1,2
203076,2016-17,-13,7,1,2
203076,2016-17,-13,10,1,4
203076,2016-17,-13,12,1,2
203076,2016-17,-13,13,0,2
203076,2016-17,-13,14,0,1
203076,2016-17,-13,15,0,1
203076,2016-17,-13,17,2,4
203076,2016-17,-13,18,0,2
203076,2016-17,-13,19,3,3
203076,2016-17,-13,21,0,1
203076,2016-17,-13,23,0,1
203076,2016-17,-13,26,1,2
203076,2016-17,-12,5,2,4
203076,2016-17,-12,6,2,2
203076,2016-17,-12,7,2,2
203076,2016-17,-12,8,2,4
203076,2016-17,-12,9,1,1
203076,2016-17,-12,10,0,1
203076,2016-17,-12,11,0,1
203076,2016-17,-12,12,0,1
203076,2016-17,-12,14,1,1
203076,2016-17,-12,18,2,3
203076,2016-17,-12,19,0,2
203076,2016-17,-12,20,0,1
203076,2016-17,-12,21,0,1
203076,2016-17,-12,22,0,1
203076,2016-17,-12,26,2,4
203076,2016-17,-11,5,1,1
203076,2016-17,-11,6,2,3
203076,2016-17,-11,7,3,3
203076,2016-17,-11,8,2,2
203076,2016-17,-11,9,2,5
203076,2016-17,-11,10,1,1
203076,2016-17,-11,11,1,1
203076,2016-17,-11,13,0,1
203076,2016-17,-11,14,0,1
203076,2016-17,-11,16,0,1
203076,2016-17,-11,17,1,2
203076,2016-17,-11,18,1,1
203076,2016-17,-11,20,0,3
203076,2016-17,-11,21,1,2
203076,2016-17,-11,22,0,1
203076,2016-17,-11,26,0,1
203076,2016-17,-11,27,1,2
203076,2016-17,-11,28,0,1
203076,2016-17,-10,5,1,2
203076,2016-17,-10,6,0,4
203076,2016-17,-10,7,0,2
203076,2016-17,-10,9,0,1
203076,2016-17,-10,11,0,1
203076,2016-17,-10,12,0,1
203076,2016-17,-10,14,0,1
203076,2016-17,-10,15,2,3
203076,2016-17,-10,16,1,1
203076,2016-17,-10,17,0,1
203076,2016-17,-10,18,3,5
203076,2016-17,-10,19,1,1
203076,2016-17,-10,20,0,3
203076,2016-17,-10,21,1,2
203076,2016-17,-10,22,0,1
203076,2016-17,-10,23,0,1
203076,2016-17,-10,27,0,1
203076,2016-17,-10,28,1,2
203076,2016-17,-10,29,0,1
203076,2016-17,-9,5,2,3
203076,2016-17,-9,6,2,3
203076,2016-17,-9,7,0,1
203076,2016-17,-9,9,1,2
203076,2016-17,-9,10,0,1
203076,2016-17,-9,12,0,1
203076,2016-17,-9,13,1,2
203076,2016-17,-9,14,1,1
203076,2016-17,-9,17,0,1
203076,2016-17,-9,18,0,2
203076,2016-17,-9,19,1,1
203076,2016-17,-9,20,1,3
203076,2016-17,-9,21,2,3
203076,2016-17,-9,22,1,2
203076,2016-17,-9,23,0,1
203076,2016-17,-9,27,1,3
203076,2016-17,-9,28,2,3
203076,2016-17,-8,4,1,1
203076,2016-17,-8,5,1,2
203076,2016-17,-8,6,2,2
203076,2016-17,-8,7,3,5
203076,2016-17,-8,8,0,1
203076,2016-17,-8,9,2,3
203076,2016-17,-8,10,1,1
203076,2016-17,-8,12,0,1
203076,2016-17,-8,13,0,1
203076,2016-17,-8,15,0,1
203076,2016-17,-8,17,0,1
203076,2016-17,-8,18,0,1
203076,2016-17,-8,19,1,1
203076,2016-17,-8,20,1,3
203076,2016-17,-8,21,3,3
203076,2016-17,-8,22,1,2
203076,2016-17,-8,23,1,3
203076,2016-17,-8,28,1,1
203076,2016-17,-8,29,0,1
203076,2016-17,-7,6,1,3
203076,2016-17,-7,7,4,5
203076,2016-17,-7,8,0,2
203076,2016-17,-7,9,2,3
203076,2016-17,-7,10,1,2
203076,2016-17,-7,12,1,2
203076,2016-17,-7,13,1,2
203076,2016-17,-7,15,1,1
203076,2016-17,-7,16,0,2
203076,2016-17,-7,17,1,1
203076,2016-17,-7,18,0,1
203076,2016-17,-7,19,2,2
203076,2016-17,-7,20,0,2
203076,2016-17,-7,21,1,4
203076,2016-17,-7,22,2,3
203076,2016-17,-7,24,0,1
203076,2016-17,-7,25,0,1
203076,2016-17,-7,28,1,2
203076,2016-17,-6,5,0,3
203076,2016-17,-6,6,1,2
203076,2016-17,-6,7,0,1
203076,2016-17,-6,8,0,1
203076,2016-17,-6,9,0,2
203076,2016-17,-6,10,2,2
203076,2016-17,-6,11,1,1
203076,2016-17,-6,16,1,1
203076,2016-17,-6,17,1,1
203076,2016-17,-6,18,0,1
203076,2016-17,-6,19,1,1
203076,2016-17,-6,20,0,1
203076,2016-17,-6,21,0,1
203076,2016-17,-6,24,1,3
203076,2016-17,-6,29,0,1
203076,2016-17,-5,4,0,1
203076,2016-17,-5,5,2,3
203076,2016-17,-5,6,1,6
203076,2016-17,-5,7,0,1
203076,2016-17,-5,8,2,5
203076,2016-17,-5,9,2,4
203076,2016-17,-5,10,0,3
203076,2016-17,-5,11,0,1
203076,2016-17,-5,12,1,2
203076,2016-17,-5,13,1,1
203076,2016-17,-5,15,0,1
203076,2016-17,-5,18,2,2
203076,2016-17,-5,19,1,1
203076,2016-17,-5,22,0,2
203076,2016-17,-5,23,0,1
203076,2016-17,-5,24,1,2
203076,2016-17,-5,25,1,1
203076,2016-17,-5,29,1,2
203076,2016-17,-5,31,0,1
203076,2016-17,-4,5,2,4
203076,2016-17,-4,6,2,2
203076,2016-17,-4,8,2,6
203076,2016-17,-4,9,1,1
203076,2016-17,-4,10,0,1
203076,2016-17,-4,11,1,2
203076,2016-17,-4,12,1,1
203076,2016-17,-4,14,1,2
203076,2016-17,-4,15,0,1
203076,2016-17,-4,21,0,1
203076,2016-17,-4,23,0,2
203076,2016-17,-4,24,1,1
203076,2016-17,-4,30,1,1
203076,2016-17,-3,5,3,4
203076,2016-17,-3,6,3,7
203076,2016-17,-3,7,2,3
203076,2016-17,-3,8,1,1
203076,2016-17,-3,9,2,4
203076,2016-17,-3,10,1,1
203076,2016-17,-3,11,1,2
203076,2016-17,-3,16,0,1
203076,2016-17,-3,17,0,1
203076,2016-17,-3,18,1,1
203076,2016-17,-3,22,0,2
203076,2016-17,-3,23,0,1
203076,2016-17,-3,25,1,3
203076,2016-17,-3,31,0,1
203076,2016-17,-2,5,16,25
203076,2016-17,-2,6,6,10
203076,2016-17,-2,7,0,1
203076,2016-17,-2,8,0,2
203076,2016-17,-2,9,1,4
203076,2016-17,-2,10,2,5
203076,2016-17,-2,11,2,2
203076,2016-17,-2,12,1,1
203076,2016-17,-2,13,0,1
203076,2016-17,-2,14,1,1
203076,2016-17,-2,15,1,1
203076,2016-17,-2,21,1,1
203076,2016-17,-2,24,1,2
203076,2016-17,-2,25,0,1
203076,2016-17,-2,30,0,2
203076,2016-17,-1,5,27,46
203076,2016-17,-1,6,8,21
203076,2016-17,-1,7,2,5
203076,2016-17,-1,8,2,2
203076,2016-17,-1,9,2,3
203076,2016-17,-1,10,3,5
203076,2016-17,-1,11,1,3
203076,2016-17,-1,12,1,3
203076,2016-17,-1,14,2,4
203076,2016-17,-1,15,1,2
203076,2016-17,-1,16,0,1
203076,2016-17,-1,19,0,1
203076,2016-17,-1,20,1,1
203076,2016-17,-1,23,1,2
203076,2016-17,-1,24,1,2
203076,2016-17,-1,25,0,1
203076,2016-17,-1,31,0,1
203076,2016-17,0,3,1,1
203076,2016-17,0,5,161,191
203076,2016-17,0,6,15,30
203076,2016-17,0,7,23,30
203076,2016-17,0,8,8,11
203076,2016-17,0,9,8,12
203076,2016-17,0,10,5,15
203076,2016-17,0,11,6,14
203076,2016-17,0,12,1,1
203076,2016-17,0,13,2,4
203076,2016-17,0,14,1,5
203076,2016-17,0,15,1,3
203076,2016-17,0,16,2,2
203076,2016-17,0,17,3,5
203076,2016-17,0,18,1,2
203076,2016-17,0,19,1,4
203076,2016-17,0,20,2,3
203076,2016-17,0,21,1,2
203076,2016-17,0,22,1,2
203076,2016-17,0,23,1,4
203076,2016-17,0,24,0,2
203076,2016-17,0,25,1,2
203076,2016-17,0,26,0,3
203076,2016-17,0,27,0,1
203076,2016-17,0,29,2,7
203076,2016-17,0,30,0,1
203076,2016-17,0,31,0,1
203076,2016-17,1,5,19,26
203076,2016-17,1,6,10,18
203076,2016-17,1,7,5,8
203076,2016-17,1,8,1,4
203076,2016-17,1,9,1,3
203076,2016-17,1,10,2,3
203076,2016-17,1,11,3,4
203076,2016-17,1,13,3,5
203076,2016-17,1,14,0,2
203076,2016-17,1,15,1,2
203076,2016-17,1,16,1,1
203076,2016-17,1,17,2,2
203076,2016-17,1,20,1,1
203076,2016-17,1,21,1,3
203076,2016-17,1,22,1,1
203076,2016-17,1,23,0,1
203076,2016-17,1,24,1,2
203076,2016-17,1,25,1,1
203076,2016-17,1,26,1,1
203076,2016-17,1,29,1,4
203076,2016-17,1,30,1,2
203076,2016-17,2,5,9,18
203076,2016-17,2,6,8,14
203076,2016-17,2,7,3,6
203076,2016-17,2,8,1,5
203076,2016-17,2,9,0,4
203076,2016-17,2,11,0,2
203076,2016-17,2,12,0,3
203076,2016-17,2,13,1,1
203076,2016-17,2,14,1,2
203076,2016-17,2,18,1,1
203076,2016-17,2,19,0,2
203076,2016-17,2,20,1,1
203076,2016-17,2,21,1,2
203076,2016-17,2,22,0,1
203076,2016-17,2,23,1,2
203076,2016-17,2,24,1,1
203076,2016-17,2,30,1,1
203076,2016-17,2,31,1,1
203076,2016-17,3,5,1,2
203076,2016-17,3,6,1,3
203076,2016-17,3,7,2,3
203076,2016-17,3,8,3,5
203076,2016-17,3,10,1,2
203076,2016-17,3,11,1,3
203076,2016-17,3,12,0,2
203076,2016-17,3,13,0,1
203076,2016-17,3,14,0,1
203076,2016-17,3,15,0,1
203076,2016-17,3,17,2,2
203076,2016-17,3,18,0,1
203076,2016-17,3,20,0,1
203076,2016-17,3,21,0,2
203076,2016-17,3,24,0,1
203076,2016-17,3,25,1,3
203076,2016-17,3,27,1,1
203076,2016-17,4,5,0,1
203076,2016-17,4,6,6,6
203076,2016-17,4,7,1,4
203076,2016-17,4,10,0,2
203076,2016-17,4,11,1,3
203076,2016-17,4,12,1,1
203076,2016-17,4,13,0,1
203076,2016-17,4,14,1,1
203076,2016-17,4,15,1,1
203076,2016-17,4,17,1,1
203076,2016-17,4,19,0,1
203076,2016-17,4,20,0,1
203076,2016-17,4,24,1,1
203076,2016-17,4,26,0,1
203076,2016-17,4,28,1,1
203076,2016-17,4,29,0,1
203076,2016-17,4,30,0,1
203076,2016-17,5,3,0,1
203076,2016-17,5,5,1,4
203076,2016-17,5,6,1,3
203076,2016-17,5,7,1,1
203076,2016-17,5,8,1,2
203076,2016-17,5,9,0,1
203076,2016-17,5,11,2,2
203076,2016-17,5,13,1,1
203076,2016-17,5,16,0,1
203076,2016-17,5,17,2,2
203076,2016-17,5,20,0,2
203076,2016-17,5,21,1,1
203076,2016-17,5,23,3,5
203076,2016-17,5,24,1,1
203076,2016-17,5,30,1,1
203076,2016-17,6,6,3,6
203076,2016-17,6,7,0,1
203076,2016-17,6,8,1,2
203076,2016-17,6,9,1,1
203076,2016-17,6,10,3,3
203076,2016-17,6,11,0,1
203076,2016-17,6,13,0,1
203076,2016-17,6,14,0,1
203076,2016-17,6,16,0,1
203076,2016-17,6,17,1,2
203076,2016-17,6,19,1,2
203076,2016-17,6,20,1,1
203076,2016-17,6,21,1,1
203076,2016-17,6,23,1,2
203076,2016-17,6,24,1,1
203076,2016-17,7,5,0,2
203076,2016-17,7,6,0,1
203076,2016-17,7,7,1,4
203076,2016-17,7,8,0,1
203076,2016-17,7,9,1,2
203076,2016-17,7,10,0,1
203076,2016-17,7,15,0,1
203076,2016-17,7,17,0,1
203076,2016-17,7,18,0,1
203076,2016-17,7,20,1,2
203076,2016-17,7,21,1,3
203076,2016-17,7,22,1,1
203076,2016-17,7,28,0,1
203076,2016-17,8,6,2,2
203076,2016-17,8,7,0,1
203076,2016-17,8,9,0,1
203076,2016-17,8,14,1,1
203076,2016-17,8,17,0,1
203076,2016-17,8,19,0,1
203076,2016-17,8,20,0,1
203076,2016-17,8,21,1,2
203076,2016-17,8,23,0,1
203076,2016-17,8,24,0,1
203076,2016-17,8,25,1,2
203076,2016-17,8,28,1,1
203076,2016-17,8,29,0,1
203076,2016-17,9,5,0,1
203076,2016-17,9,6,0,2
203076,2016-17,9,8,0,2
203076,2016-17,9,9,1,1
203076,2016-17,9,10,0,1
203076,2016-17,9,12,1,1
203076,2016-17,9,14,1,2
203076,2016-17,9,17,0,1
203076,2016-17,9,18,2,2
203076,2016-17,9,19,2,4
203076,2016-17,9,21,2,4
203076,2016-17,9,23,1,1
203076,2016-17,9,24,1,1
203076,2016-17,10,5,1,3
203076,2016-17,10,6,0,1
203076,2016-17,10,7,0,1
203076,2016-17,10,9,0,1
203076,2016-17,10,11,0,2
203076,2016-17,10,12,0,3
203076,2016-17,10,14,2,2
203076,2016-17,10,17,1,1
203076,2016-17,10,18,0,1
203076,2016-17,10,19,2,3
203076,2016-17,10,20,1,2
203076,2016-17,10,21,0,1
203076,2016-17,10,22,0,2
203076,2016-17,10,23,0,3
203076,2016-17,10,26,1,1
203076,2016-17,10,27,1,2
203076,2016-17,10,28,1,3
203076,2016-17,11,5,1,2
203076,2016-17,11,7,1,1
203076,2016-17,11,9,0,1
203076,2016-17,11,15,0,1
203076,2016-17,11,16,0,1
203076,2016-17,11,17,0,1
203076,2016-17,11,19,1,2
203076,2016-17,11,23,0,1
203076,2016-17,11,27,0,1
203076,2016-17,11,28,0,1
203076,2016-17,12,6,0,1
203076,2016-17,12,7,1,1
203076,2016-17,12,8,0,1
203076,2016-17,12,10,1,1
203076,2016-17,12,11,1,1
203076,2016-17,12,12,0,1
203076,2016-17,12,14,1,2
203076,2016-17,12,15,1,1
203076,2016-17,12,16,0,1
203076,2016-17,12,17,1,1
203076,2016-17,12,18,1,1
203076,2016-17,12,20,1,1
203076,2016-17,12,21,0,1
203076,2016-17,12,26,0,2
203076,2016-17,12,27,2,3
203076,2016-17,13,5,4,5
203076,2016-17,13,6,1,1
203076,2016-17,13,7,1,2
203076,2016-17,13,8,1,1
203076,2016-17,13,10,0,1
203076,2016-17,13,12,2,3
203076,2016-17,13,15,1,2
203076,2016-17,13,18,0,1
203076,2016-17,13,22,1,1
203076,2016-17,13,23,0,1
203076,2016-17,13,26,1,3
203076,2016-17,13,27,0,1
203076,2016-17,14,5,1,1
203076,2016-17,14,6,1,2
203076,2016-17,14,7,3,4
203076,2016-17,14,9,1,2
203076,2016-17,14,10,0,1
203076,2016-17,14,11,2,2
203076,2016-17,14,12,1,2
203076,2016-17,14,13,1,3
203076,2016-17,14,17,0,2
203076,2016-17,14,20,0,1
203076,2016-17,14,21,1,1
203076,2016-17,14,22,1,1
203076,2016-17,14,25,0,1
203076,2016-17,14,26,0,1
203076,2016-17,15,5,1,2
203076,2016-17,15,6,1,2
203076,2016-17,15,7,1,2
203076,2016-17,15,8,1,1
203076,2016-17,15,9,0,1
203076,2016-17,15,10,1,1
203076,2016-17,15,11,1,2
203076,2016-17,15,12,0,1
203076,2016-17,15,13,1,2
203076,2016-17,15,15,1,2
203076,2016-17,15,16,0,2
203076,2016-17,15,17,1,1
203076,2016-17,15,19,0,2
203076,2016-17,15,20,1,1
203076,2016-17,15,24,1,4
203076,2016-17,15,25,0,1
203076,2016-17,16,5,1,2
203076,2016-17,16,6,1,1
203076,2016-17,16,7,0,1
203076,2016-17,16,11,1,2
203076,2016-17,16,18,2,2
203076,2016-17,16,24,2,3
203076,2016-17,16,27,0,1
203076,2016-17,17,7,1,1
203076,2016-17,17,10,0,1
203076,2016-17,17,13,0,1
203076,2016-17,17,15,1,1
203076,2016-17,17,23,1,4
203076,2016-17,17,24,0,1
203076,2016-17,18,7,1,1
203076,2016-17,18,9,1,1
203076,2016-17,18,10,0,1
203076,2016-17,18,11,1,1
203076,2016-17,18,15,1,1
203076,2016-17,18,17,1,1
203076,2016-17,18,23,0,3
203076,2016-17,19,7,1,1
203076,2016-17,19,11,0,1
203076,2016-17,19,13,1,1
203076,2016-17,19,18,0,1
203076,2016-17,19,20,0,1
203076,2016-17,19,21,0,1
203076,2016-17,20,9,0,1
203076,2016-17,20,21,1,1
203076,2016-17,20,22,0,1
203076,2016-17,21,19,0,1
203076,2016-17,22,12,1,1
203076,2016-17,22,15,1,1
203076,2016-17,23,5,0,1
203076,2016-17,23,6,0,1
203076,2016-17,23,9,0,1
203076,2016-17,24,5,0,1
203076,2016-17,24,9,0,1
203076,2017-18,-23,4,1,1
203076,2017-18,-23,5,1,2
203076,2017-18,-23,6,1,1
203076,2017-18,-23,7,0,1
203076,2017-18,-23,8,0,1
203076,2017-18,-23,13,0,1
203076,2017-18,-22,5,1,4
203076,2017-18,-22,6,0,1
203076,2017-18,-22,9,0,1
203076,2017-18,-22,15,1,2
203076,2017-18,-22,19,0,1
203076,2017-18,-21,15,0,1
203076,2017-18,-20,8,0,1
203076,2017-18,-20,19,0,1
203076,2017-18,-20,20,0,2
203076,2017-18,-19,6,0,1
203076,2017-18,-19,21,1,1
203076,2017-18,-19,22,0,1
203076,2017-18,-18,10,0,1
203076,2017-18,-18,15,0,1
203076,2017-18,-18,16,0,1
203076,2017-18,-18,20,1,1
203076,2017-18,-18,23,0,1
203076,2017-18,-18,29,0,1
203076,2017-18,-17,4,0,1
203076,2017-18,-17,5,0,2
203076,2017-18,-17,7,0,1
203076,2017-18,-17,11,0,1
203076,2017-18,-17,12,1,1
203076,2017-18,-17,21,0,1
203076,2017-18,-17,23,0,1
203076,2017-18,-16,5,1,2
203076,2017-18,-16,11,0,1
203076,2017-18,-16,13,1,1
203076,2017-18,-16,14,1,2
203076,2017-18,-16,24,2,2
203076,2017-18,-16,26,0,1
203076,2017-18,-15,4,0,1
203076,2017-18,-15,5,0,1
203076,2017-18,-15,7,0,1
203076,2017-18,-15,9,1,1
203076,2017-18,-15,10,1,3
203076,2017-18,-15,11,1,1
203076,2017-18,-15,13,0,1
203076,2017-18,-15,14,0,1
203076,2017-18,-15,15,0,1
203076,2017-18,-15,17,1,3
203076,2017-18,-15,18,1,2
203076,2017-18,-15,24,1,2
203076,2017-18,-15,25,0,2
203076,2017-18,-15,27,0,1
203076,2017-18,-14,5,2,3
203076,2017-18,-14,7,0,1
203076,2017-18,-14,8,0,1
203076,2017-18,-14,10,0,1
203076,2017-18,-14,11,0,1
203076,2017-18,-14,12,1,1
203076,2017-18,-14,15,1,1
203076,2017-18,-14,16,0,1
203076,2017-18,-14,20,0,1
203076,2017-18,-14,21,0,1
203076,2017-18,-14,26,0,1
203076,2017-18,-14,29,0,2
203076,2017-18,-13,5,2,4
203076,2017-18,-13,6,1,1
203076,2017-18,-13,7,1,2
203076,2017-18,-13,8,0,1
203076,2017-18,-13,9,0,1
203076,2017-18,-13,10,0,2
203076,2017-18,-13,14,1,2
203076,2017-18,-13,15,2,4
203076,2017-18,-13,16,0,1
203076,2017-18,-13,17,0,1
203076,2017-18,-13,18,0,1
203076,2017-18,-13,19,0,2
203076,2017-18,-13,22,0,1
203076,2017-18,-13,26,0,2
203076,2017-18,-13,27,1,1
203076,2017-18,-13,28,0,1
203076,2017-18,-12,4,1,1
203076,2017-18,-12,6,0,2
203076,2017-18,-12,8,1,2
203076,2017-18,-12,9,2,2
203076,2017-18,-12,10,1,3
203076,2017-18,-12,11,2,4
203076,2017-18,-12,12,2,4
203076,2017-18,-12,14,0,1
203076,2017-18,-12,17,1,1
203076,2017-18,-12,18,1,1
203076,2017-18,-12,26,0,1
203076,2017-18,-12,28,1,6
203076,2017-18,-11,3,0,1
203076,2017-18,-11,5,2,3
203076,2017-18,-11,6,1,2
203076,2017-18,-11,10,2,3
203076,2017-18,-11,12,0,1
203076,2017-18,-11,13,0,1
203076,2017-18,-11,14,0,1
203076,2017-18,-11,16,2,3
203076,2017-18,-11,17,0,1
203076,2017-18,-11,19,0,1
203076,2017-18,-11,21,0,3
203076,2017-18,-11,22,0,4
203076,2017-18,-11,27,0,1
203076,2017-18,-11,28,1,3
203076,2017-18,-11,30,0,1
203076,2017-18,-10,5,1,4
203076,2017-18,-10,6,0,1
203076,2017-18,-10,7,0,1
203076,2017-18,-10,8,0,3
203076,2017-18,-10,9,2,2
203076,2017-18,-10,10,1,1
203076,2017-18,-10,11,1,2
203076,2017-18,-10,13,0,2
203076,2017-18,-10,15,0,1
203076,2017-18,-10,16,0,2
203076,2017-18,-10,17,0,1
203076,2017-18,-10,18,1,1
203076,2017-18,-10,20,1,2
203076,2017-18,-10,21,0,3
203076,2017-18,-10,23,0,1
203076,2017-18,-10,27,0,1
203076,2017-18,-10,28,1,1
203076,2017-18,-9,4,0,1
203076,2017-18,-9,5,1,1
203076,2017-18,-9,6,0,2
203076,2017-18,-9,7,0,2
203076,2017-18,-9,8,0,1
203076,2017-18,-9,10,0,1
203076,2017-18,-9,11,2,3
203076,2017-18,-9,12,1,3
203076,2017-18,-9,13,0,1
203076,2017-18,-9,14,0,1
203076,2017-18,-9,15,0,1
203076,2017-18,-9,17,1,1
203076,2017-18,-9,18,1,2
203076,2017-18,-9,19,1,2
203076,2017-18,-9,20,1,4
203076,2017-18,-9,21,1,1
203076,2017-18,-9,22,0,1
203076,2017-18,-9,23,1,2
203076,2017-18,-9,25,0,1
203076,2017-18,-9,28,1,2
203076,2017-18,-9,29,1,1
203076,2017-18,-9,33,0,1
203076,2017-18,-8,5,0,1
203076,2017-18,-8,6,2,3
203076,2017-18,-8,8,2,5
203076,2017-18,-8,9,0,2
203076,2017-18,-8,10,1,2
203076,2017-18,-8,12,1,1
203076,2017-18,-8,13,1,2
203076,2017-18,-8,14,1,1
203076,2017-18,-8,15,1,2
203076,2017-18,-8,17,1,2
203076,2017-18,-8,18,3,3
203076,2017-18,-8,20,2,3
203076,2017-18,-8,21,2,2
203076,2017-18,-8,24,0,1
203076,2017-18,-8,28,0,1
203076,2017-18,-7,5,1,3
203076,2017-18,-7,6,0,2
203076,2017-18,-7,7,2,3
203076,2017-18,-7,8,1,1
203076,2017-18,-7,9,1,2
203076,2017-18,-7,10,1,1
203076,2017-18,-7,11,0,1
203076,2017-18,-7,14,1,1
203076,2017-18,-7,15,1,1
203076,2017-18,-7,16,0,2
203076,2017-18,-7,17,0,2
203076,2017-18,-7,18,1,1
203076,2017-18,-7,19,0,1
203076,2017-18,-7,20,0,1
203076,2017-18,-7,21,1,2
203076,2017-18,-7,22,1,2
203076,2017-18,-7,24,0,2
203076,2017-18,-7,28,1,1
203076,2017-18,-7,29,0,1
203076,2017-18,-7,30,1,1
203076,2017-18,-6,6,1,1
203076,2017-18,-6,7,4,6
203076,2017-18,-6,10,0,2
203076,2017-18,-6,11,0,1
203076,2017-18,-6,13,3,4
203076,2017-18,-6,15,1,3
203076,2017-18,-6,16,0,1
203076,2017-18,-6,18,1,3
203076,2017-18,-6,19,0,3
203076,2017-18,-6,20,1,1
203076,2017-18,-6,21,1,1
203076,2017-18,-6,28,2,2
203076,2017-18,-6,29,0,1
203076,2017-18,-6,30,1,3
203076,2017-18,-5,5,2,2
203076,2017-18,-5,6,1,2
203076,2017-18,-5,7,0,2
203076,2017-18,-5,8,1,2
203076,2017-18,-5,10,1,2
203076,2017-18,-5,11,0,1
203076,2017-18,-5,12,1,1
203076,2017-18,-5,13,0,2
203076,2017-18,-5,15,1,1
203076,2017-18,-5,16,1,1
203076,2017-18,-5,20,0,1
203076,2017-18,-5,23,0,1
203076,2017-18,-5,25,1,2
203076,2017-18,-5,30,1,1
203076,2017-18,-5,31,1,1
203076,2017-18,-4,5,1,2
203076,2017-18,-4,6,2,3
203076,2017-18,-4,7,1,3
203076,2017-18,-4,8,0,2
203076,2017-18,-4,9,0,1
203076,2017-18,-4,11,0,2
203076,2017-18,-4,12,1,3
203076,2017-18,-4,13,1,2
203076,2017-18,-4,14,0,1
203076,2017-18,-4,15,1,1
203076,2017-18,-4,16,0,1
203076,2017-18,-4,19,1,2
203076,2017-18,-4,20,1,2
203076,2017-18,-4,22,0,1
203076,2017-18,-4,24,1,1
203076,2017-18,-4,30,2,2
203076,2017-18,-4,31,0,1
203076,2017-18,-4,32,1,1
203076,2017-18,-3,5,1,3
203076,2017-18,-3,6,1,4
203076,2017-18,-3,7,3,4
203076,2017-18,-3,8,0,1
203076,2017-18,-3,9,3,5
203076,2017-18,-3,10,4,4
203076,2017-18,-3,12,2,2
203076,2017-18,-3,14,2,3
203076,2017-18,-3,15,1,1
203076,2017-18,-3,17,1,2
203076,2017-18,-3,23,1,1
203076,2017-18,-3,25,1,1
203076,2017-18,-3,26,0,1
203076,2017-18,-3,27,1,1
203076,2017-18,-3,29,0,1
203076,2017-18,-3,30,1,2
203076,2017-18,-2,5,8,13
203076,2017-18,-2,6,7,16
203076,2017-18,-2,7,2,5
203076,2017-18,-2,8,1,2
203076,2017-18,-2,9,1,2
203076,2017-18,-2,10,1,3
203076,2017-18,-2,11,4,4
203076,2017-18,-2,12,1,3
203076,2017-18,-2,13,1,3
203076,2017-18,-2,14,2,3
203076,2017-18,-2,17,0,1
203076,2017-18,-2,19,1,2
203076,2017-18,-2,20,0,1
203076,2017-18,-2,22,0,1
203076,2017-18,-2,23,0,1
203076,2017-18,-2,26,0,2
203076,2017-18,-2,30,1,3
203076,2017-18,-1,4,1,1
203076,2017-18,-1,5,26,45
203076,2017-18,-1,6,14,23
203076,2017-18,-1,7,8,8
203076,2017-18,-1,8,6,7
203076,2017-18,-1,9,2,4
203076,2017-18,-1,10,1,2
203076,2017-18,-1,11,1,2
203076,2017-18,-1,12,2,6
203076,2017-18,-1,13,0,1
203076,2017-18,-1,14,3,3
203076,2017-18,-1,15,2,3
203076,2017-18,-1,16,0,2
203076,2017-18,-1,19,0,1
203076,2017-18,-1,20,0,1
203076,2017-18,-1,22,0,1
203076,2017-18,-1,23,0,2
203076,2017-18,-1,24,0,1
203076,2017-18,-1,25,1,2
203076,2017-18,-1,29,0,1
203076,2017-18,-1,30,2,3
203076,2017-18,0,5,209,248
203076,2017-18,0,6,76,89
203076,2017-18,0,7,21,32
203076,2017-18,0,8,4,8
203076,2017-18,0,9,8,10
203076,2017-18,0,10,2,7
203076,2017-18,0,11,7,11
203076,2017-18,0,12,3,8
203076,2017-18,0,13,1,2
203076,2017-18,0,14,6,11
203076,2017-18,0,15,3,9
203076,2017-18,0,16,0,1
203076,2017-18,0,17,2,3
203076,2017-18,0,18,1,3
203076,2017-18,0,19,1,2
203076,2017-18,0,20,1,1
203076,2017-18,0,21,3,6
203076,2017-18,0,22,3,3
203076,2017-18,0,23,2,2
203076,2017-18,0,24,0,3
203076,2017-18,0,25,1,3
203076,2017-18,0,26,2,3
203076,2017-18,0,29,1,2
203076,2017-18,0,30,3,5
203076,2017-18,0,31,2,2
203076,2017-18,0,46,0,1
203076,2017-18,1,5,21,40
203076,2017-18,1,6,9,15
203076,2017-18,1,7,6,10
203076,2017-18,1,8,3,4
203076,2017-18,1,9,1,2
203076,2017-18,1,10,1,2
203076,2017-18,1,11,1,2
203076,2017-18,1,13,1,3
203076,2017-18,1,14,4,6
203076,2017-18,1,15,1,1
203076,2017-18,1,16,1,2
203076,2017-18,1,18,0,1
203076,2017-18,1,19,0,1
203076,2017-18,1,21,0,1
203076,2017-18,1,22,0,1
203076,2017-18,1,23,1,2
203076,2017-18,1,24,0,2
203076,2017-18,1,25,1,2
203076,2017-18,1,26,1,1
203076,2017-18,1,31,1,2
203076,2017-18,2,5,8,14
203076,2017-18,2,6,3,7
203076,2017-18,2,7,3,3
203076,2017-18,2,8,1,1
203076,2017-18,2,12,0,1
203076,2017-18,2,13,1,3
203076,2017-18,2,14,1,1
203076,2017-18,2,15,1,1
203076,2017-18,2,18,0,1
203076,2017-18,2,21,0,1
203076,2017-18,2,22,1,1
203076,2017-18,2,24,1,1
203076,2017-18,2,25,1,1
203076,2017-18,2,30,0,1
203076,2017-18,3,6,2,5
203076,2017-18,3,7,1,2
203076,2017-18,3,9,0,1
203076,2017-18,3,10,1,3
203076,2017-18,3,11,0,1
203076,2017-18,3,12,1,1
203076,2017-18,3,13,1,1
203076,2017-18,3,16,0,1
203076,2017-18,3,19,2,2
203076,2017-18,3,20,0,1
203076,2017-18,3,21,1,1
203076,2017-18,3,28,1,1
203076,2017-18,3,29,1,1
203076,2017-18,4,9,0,2
203076,2017-18,4,10,0,1
203076,2017-18,4,11,0,1
203076,2017-18,4,12,1,3
203076,2017-18,4,13,1,1
203076,2017-18,4,14,1,1
203076,2017-18,4,15,1,1
203076,2017-18,4,16,0,1
203076,2017-18,4,17,0,1
203076,2017-18,4,22,0,1
203076,2017-18,4,24,0,1
203076,2017-18,4,29,1,2
203076,2017-18,4,30,0,2
203076,2017-18,5,5,0,2
203076,2017-18,5,6,0,4
203076,2017-18,5,7,1,3
203076,2017-18,5,11,0,2
203076,2017-18,5,16,1,2
203076,2017-18,5,17,0,1
203076,2017-18,5,19,0,1
203076,2017-18,5,21,2,3
203076,2017-18,5,22,0,1
203076,2017-18,5,25,1,1
203076,2017-18,5,29,0,1
203076,2017-18,5,30,0,1
203076,2017-18,6,5,2,5
203076,2017-18,6,6,0,1
203076,2017-18,6,8,1,1
203076,2017-18,6,9,0,1
203076,2017-18,6,11,0,1
203076,2017-18,6,13,1,1
203076,2017-18,6,14,0,1
203076,2017-18,6,16,1,2
203076,2017-18,6,18,0,1
203076,2017-18,6,19,0,2
203076,2017-18,6,22,1,2
203076,2017-18,6,23,0,1
203076,2017-18,6,28,0,2
203076,2017-18,6,29,0,1
203076,2017-18,6,32,0,1
203076,2017-18,7,6,0,1
203076,2017-18,7,7,1,1
203076,2017-18,7,8,0,1
203076,2017-18,7,9,1,1
203076,2017-18,7,10,0,1
203076,2017-18,7,12,1,1
203076,2017-18,7,18,0,1
203076,2017-18,7,19,0,1
203076,2017-18,7,20,1,2
203076,2017-18,7,22,1,1
203076,2017-18,7,23,0,1
203076,2017-18,7,24,0,1
203076,2017-18,7,25,1,1
203076,2017-18,7,29,1,2
203076,2017-18,8,6,0,2
203076,2017-18,8,7,0,1
203076,2017-18,8,12,1,1
203076,2017-18,8,15,1,1
203076,2017-18,8,16,1,1
203076,2017-18,8,17,1,1
203076,2017-18,8,18,0,1
203076,2017-18,8,19,0,1
203076,2017-18,8,21,0,1
203076,2017-18,8,22,0,1
203076,2017-18,8,24,0,1
203076,2017-18,8,26,1,1
203076,2017-18,8,28,0,1
203076,2017-18,8,29,1,1
203076,2017-18,9,2,0,1
203076,2017-18,9,5,1,2
203076,2017-18,9,9,1,1
203076,2017-18,9,11,0,1
203076,2017-18,9,16,0,1
203076,2017-18,9,19,0,1
203076,2017-18,9,21,1,2
203076,2017-18,9,23,0,1
203076,2017-18,9,24,0,1
203076,2017-18,9,28,1,3
203076,2017-18,9,29,0,1
203076,2017-18,10,15,0,1
203076,2017-18,10,16,1,2
203076,2017-18,10,17,0,1
203076,2017-18,10,19,2,3
203076,2017-18,10,20,0,2
203076,2017-18,10,21,0,2
203076,2017-18,10,22,1,3
203076,2017-18,10,23,1,2
203076,2017-18,10,28,0,2
203076,2017-18,10,29,1,1
203076,2017-18,11,5,2,2
203076,2017-18,11,6,1,3
203076,2017-18,11,7,1,2
203076,2017-18,11,8,0,1
203076,2017-18,11,11,0,1
203076,2017-18,11,14,0,1
203076,2017-18,11,16,0,2
203076,2017-18,11,17,0,1
203076,2017-18,11,18,0,1
203076,2017-18,11,22,0,1
203076,2017-18,11,27,0,2
203076,2017-18,11,28,0,1
203076,2017-18,12,6,1,1
203076,2017-18,12,13,1,3
203076,2017-18,12,14,2,3
203076,2017-18,12,15,0,1
203076,2017-18,12,17,0,2
203076,2017-18,12,26,1,4
203076,2017-18,12,27,0,1
203076,2017-18,12,29,0,1
203076,2017-18,12,30,0,1
203076,2017-18,13,7,2,2
203076,2017-18,13,9,0,1
203076,2017-18,13,12,1,1
203076,2017-18,13,14,2,2
203076,2017-18,13,15,0,1
203076,2017-18,13,16,1,1
203076,2017-18,13,17,1,2
203076,2017-18,13,19,0,1
203076,2017-18,13,27,1,1
203076,2017-18,13,29,1,1
203076,2017-18,13,30,0,1
203076,2017-18,14,7,1,1
203076,2017-18,14,9,1,1
203076,2017-18,14,12,1,3
203076,2017-18,14,16,0,2
203076,2017-18,14,19,1,1
203076,2017-18,14,20,0,1
203076,2017-18,14,25,1,1
203076,2017-18,14,26,1,1
203076,2017-18,14,27,1,2
203076,2017-18,15,7,0,1
203076,2017-18,15,8,0,1
203076,2017-18,15,14,0,1
203076,2017-18,15,15,0,1
203076,2017-18,15,17,0,2
203076,2017-18,15,19,0,1
203076,2017-18,15,23,0,1
203076,2017-18,15,24,0,1
203076,2017-18,15,25,1,1
203076,2017-18,15,26,0,1
203076,2017-18,16,8,0,1
203076,2017-18,16,9,0,1
203076,2017-18,16,25,0,1
203076,2017-18,16,26,0,1
203076,2017-18,16,41,1,1
203076,2017-18,17,6,1,1
203076,2017-18,17,14,0,1
203076,2017-18,17,22,0,1
203076,2017-18,17,23,0,1
203076,2017-18,18,5,0,1
203076,2017-18,18,7,0,1
203076,2017-18,18,15,1,1
203076,2017-18,18,17,0,1
203076,2017-18,18,21,1,2
203076,2017-18,19,21,0,1
203076,2017-18,19,22,0,1
203076,2017-18,20,9,0,1
203076,2017-18,20,13,0,1
203076,2017-18,20,18,1,1
203076,2017-18,20,20,0,2
203076,2017-18,21,18,0,1
203076,2017-18,22,5,1,1
203076,2017-18,22,10,1,1
203076,2017-18,23,10,0,1
203076,2017-18,23,15,0,1
203076,2018-19,-23,3,1,1
203076,2018-19,-23,4,1,1
203076,2018-19,-23,7,1,1
203076,2018-19,-23,13,1,1
203076,2018-19,-22,4,0,1
203076,2018-19,-22,5,1,1
203076,2018-19,-22,16,0,1
203076,2018-19,-22,22,1,1
203076,2018-19,-21,18,2,3
203076,2018-19,-21,19,1,2
203076,2018-19,-21,20,0,1
203076,2018-19,-20,10,0,1
203076,2018-19,-20,24,0,1
203076,2018-19,-19,6,1,1
203076,2018-19,-19,20,0,2
203076,2018-19,-19,25,1,1
203076,2018-19,-18,17,0,1
203076,2018-19,-18,21,2,2
203076,2018-19,-18,24,0,1
203076,2018-19,-17,14,1,1
203076,2018-19,-17,17,1,1
203076,2018-19,-17,21,1,1
203076,2018-19,-17,22,1,2
203076,2018-19,-16,4,1,1
203076,2018-19,-16,6,0,1
203076,2018-19,-16,13,0,1
203076,2018-19,-16,24,0,1
203076,2018-19,-15,5,0,1
203076,2018-19,-15,9,0,1
203076,2018-19,-15,10,0,1
203076,2018-19,-15,11,1,1
203076,2018-19,-15,17,0,1
203076,2018-19,-15,20,1,1
203076,2018-19,-15,23,0,1
203076,2018-19,-15,24,0,1
203076,2018-19,-15,25,0,2
203076,2018-19,-14,4,1,1
203076,2018-19,-14,7,0,1
203076,2018-19,-14,9,1,2
203076,2018-19,-14,11,1,1
203076,2018-19,-14,15,0,1
203076,2018-19,-14,16,0,2
203076,2018-19,-14,17,1,1
203076,2018-19,-14,18,0,1
203076,2018-19,-14,21,0,1
203076,2018-19,-13,5,1,2
203076,2018-19,-13,6,0,1
203076,2018-19,-13,8,1,4
203076,2018-19,-13,10,1,2
203076,2018-19,-13,16,0,1
203076,2018-19,-13,18,1,1
203076,2018-19,-13,19,0,1
203076,2018-19,-13,20,0,2
203076,2018-19,-13,25,0,1
203076,2018-19,-13,31,0,1
203076,2018-19,-12,5,1,2
203076,2018-19,-12,7,0,2
203076,2018-19,-12,9,1,1
203076,2018-19,-12,10,0,1
203076,2018-19,-12,11,0,2
203076,2018-19,-12,12,1,2
203076,2018-19,-12,13,0,2
203076,2018-19,-12,14,0,2
203076,2018-19,-12,15,0,1
203076,2018-19,-12,18,0,1
203076,2018-19,-12,19,1,1
203076,2018-19,-12,20,0,2
203076,2018-19,-12,22,1,1
203076,2018-19,-12,26,0,1
203076,2018-19,-12,27,0,2
203076,2018-19,-12,29,0,1
203076,2018-19,-11,5,2,3
203076,2018-19,-11,6,0,2
203076,2018-19,-11,9,0,1
203076,2018-19,-11,14,1,1
203076,2018-19,-11,15,0,1
203076,2018-19,-11,16,0,1
203076,2018-19,-11,19,0,2
203076,2018-19,-11,20,1,3
203076,2018-19,-11,22,0,1
203076,2018-19,-11,27,0,1
203076,2018-19,-10,5,0,1
203076,2018-19,-10,7,0,1
203076,2018-19,-10,8,1,2
203076,2018-19,-10,12,1,2
203076,2018-19,-10,15,1,1
203076,2018-19,-10,20,1,1
203076,2018-19,-10,21,1,2
203076,2018-19,-10,22,0,1
203076,2018-19,-10,28,2,3
203076,2018-19,-10,31,0,1
203076,2018-19,-9,5,2,4
203076,2018-19,-9,6,0,1
203076,2018-19,-9,7,2,3
203076,2018-19,-9,8,0,1
203076,2018-19,-9,10,0,1
203076,2018-19,-9,12,0,3
203076,2018-19,-9,13,2,2
203076,2018-19,-9,17,1,1
203076,2018-19,-9,18,1,1
203076,2018-19,-9,19,0,1
203076,2018-19,-9,21,0,1
203076,2018-19,-9,22,0,1
203076,2018-19,-9,23,1,1
203076,2018-19,-9,24,1,1
203076,2018-19,-9,28,1,2
203076,2018-19,-9,31,1,2
203076,2018-19,-8,5,1,3
203076,2018-19,-8,6,0,1
203076,2018-19,-8,7,0,2
203076,2018-19,-8,8,0,1
203076,2018-19,-8,12,0,1
203076,2018-19,-8,13,0,1
203076,2018-19,-8,18,0,2
203076,2018-19,-8,19,1,2
203076,2018-19,-8,28,0,1
203076,2018-19,-7,4,0,1
203076,2018-19,-7,5,1,2
203076,2018-19,-7,6,1,1
203076,2018-19,-7,7,0,2
203076,2018-19,-7,8,1,2
203076,2018-19,-7,11,1,2
203076,2018-19,-7,13,0,1
203076,2018-19,-7,17,1,1
203076,2018-19,-7,20,0,2
203076,2018-19,-7,22,0,1
203076,2018-19,-7,23,2,2
203076,2018-19,-7,28,0,1
203076,2018-19,-7,29,0,2
203076,2018-19,-6,5,3,5
203076,2018-19,-6,6,0,2
203076,2018-19,-6,7,0,1
203076,2018-19,-6,9,0,1
203076,2018-19,-6,13,2,2
203076,2018-19,-6,15,0,1
203076,2018-19,-6,17,0,1
203076,2018-19,-6,21,0,1
203076,2018-19,-6,22,0,2
203076,2018-19,-6,23,2,2
203076,2018-19,-6,29,0,1
203076,2018-19,-6,43,0,1
203076,2018-19,-5,5,0,1
203076,2018-19,-5,6,1,3
203076,2018-19,-5,10,0,2
203076,2018-19,-5,11,1,1
203076,2018-19,-5,12,1,1
203076,2018-19,-5,13,3,4
203076,2018-19,-5,14,0,1
203076,2018-19,-5,17,0,1
203076,2018-19,-5,25,0,1
203076,2018-19,-5,26,1,1
203076,2018-19,-5,30,0,1
203076,2018-19,-4,5,2,5
203076,2018-19,-4,6,3,3
203076,2018-19,-4,7,1,2
203076,2018-19,-4,9,2,4
203076,2018-19,-4,10,0,1
203076,2018-19,-4,11,0,1
203076,2018-19,-4,12,0,1
203076,2018-19,-4,14,1,3
203076,2018-19,-4,16,0,1
203076,2018-19,-4,17,2,2
203076,2018-19,-4,19,1,1
203076,2018-19,-4,20,1,2
203076,2018-19,-4,21,0,2
203076,2018-19,-4,22,0,1
203076,2018-19,-4,29,0,1
203076,2018-19,-4,30,0,2
203076,2018-19,-4,31,0,1
203076,2018-19,-3,5,1,7
203076,2018-19,-3,6,2,6
203076,2018-19,-3,7,2,2
203076,2018-19,-3,8,1,2
203076,2018-19,-3,9,1,1
203076,2018-19,-3,10,1,1
203076,2018-19,-3,11,0,1
203076,2018-19,-3,12,1,2
203076,2018-19,-3,13,1,1
203076,2018-19,-3,15,1,1
203076,2018-19,-3,17,3,4
203076,2018-19,-3,18,0,1
203076,2018-19,-3,20,1,1
203076,2018-19,-3,26,1,1
203076,2018-19,-3,29,1,1
203076,2018-19,-3,30,0,1
203076,2018-19,-3,31,1,1
203076,2018-19,-2,4,0,1
203076,2018-19,-2,5,9,15
203076,2018-19,-2,6,6,11
203076,2018-19,-2,7,0,4
203076,2018-19,-2,10,0,1
203076,2018-19,-2,11,2,3
203076,2018-19,-2,12,1,3
203076,2018-19,-2,13,1,2
203076,2018-19,-2,14,0,2
203076,2018-19,-2,16,1,1
203076,2018-19,-2,19,0,1
203076,2018-19,-2,20,0,1
203076,2018-19,-2,29,0,1
203076,2018-19,-1,5,13,19
203076,2018-19,-1,6,12,15
203076,2018-19,-1,7,8,10
203076,2018-19,-1,8,2,3
203076,2018-19,-1,9,0,2
203076,2018-19,-1,10,1,2
203076,2018-19,-1,11,1,3
203076,2018-19,-1,12,3,5
203076,2018-19,-1,13,1,4
203076,2018-19,-1,14,0,1
203076,2018-19,-1,15,1,2
203076,2018-19,-1,16,1,2
203076,2018-19,-1,17,0,1
203076,2018-19,-1,18,1,3
203076,2018-19,-1,19,0,1
203076,2018-19,-1,21,0,1
203076,2018-19,-1,25,0,1
203076,2018-19,-1,29,1,1
203076,2018-19,-1,30,0,1
203076,2018-19,-1,31,1,1
203076,2018-19,0,4,4,4
203076,2018-19,0,5,130,160
203076,2018-19,0,6,57,70
203076,2018-19,0,7,9,15
203076,2018-19,0,8,3,10
203076,2018-19,0,9,0,4
203076,2018-19,0,10,1,2
203076,2018-19,0,11,3,5
203076,2018-19,0,12,2,4
203076,2018-19,0,13,0,1
203076,2018-19,0,14,3,6
203076,2018-19,0,15,2,7
203076,2018-19,0,16,0,1
203076,2018-19,0,17,1,4
203076,2018-19,0,18,1,3
203076,2018-19,0,19,1,1
203076,2018-19,0,20,1,1
203076,2018-19,0,21,1,2
203076,2018-19,0,22,1,3
203076,2018-19,0,23,1,2
203076,2018-19,0,25,0,1
203076,2018-19,0,26,0,1
203076,2018-19,0,29,0,1
203076,2018-19,0,30,1,5
203076,2018-19,0,31,3,5
203076,2018-19,0,34,0,1
203076,2018-19,1,4,0,1
203076,2018-19,1,5,16,20
203076,2018-19,1,6,11,19
203076,2018-19,1,7,5,6
203076,2018-19,1,8,2,2
203076,2018-19,1,9,1,1
203076,2018-19,1,10,0,1
203076,2018-19,1,11,0,2
203076,2018-19,1,12,1,3
203076,2018-19,1,13,0,1
203076,2018-19,1,14,1,3
203076,2018-19,1,15,1,2
203076,2018-19,1,20,1,1
203076,2018-19,1,21,1,2
203076,2018-19,1,22,0,1
203076,2018-19,1,30,3,4
203076,2018-19,2,4,1,1
203076,2018-19,2,5,7,10
203076,2018-19,2,6,4,8
203076,2018-19,2,7,0,2
203076,2018-19,2,8,3,3
203076,2018-19,2,9,2,2
203076,2018-19,2,12,0,2
203076,2018-19,2,14,0,1
203076,2018-19,2,15,1,3
203076,2018-19,2,16,0,1
203076,2018-19,2,17,0,2
203076,2018-19,2,18,1,1
203076,2018-19,2,29,0,1
203076,2018-19,2,30,2,2
203076,2018-19,2,31,0,1
203076,2018-19,3,4,0,1
203076,2018-19,3,5,3,4
203076,2018-19,3,6,1,3
203076,2018-19,3,7,1,3
203076,2018-19,3,9,0,2
203076,2018-19,3,10,1,2
203076,2018-19,3,11,1,1
203076,2018-19,3,13,1,1
203076,2018-19,3,18,0,1
203076,2018-19,3,19,1,1
203076,2018-19,3,22,0,1
203076,2018-19,3,25,1,1
203076,2018-19,3,30,1,3
203076,2018-19,3,32,0,1
203076,2018-19,3,34,0,1
203076,2018-19,4,5,1,2
203076,2018-19,4,6,0,1
203076,2018-19,4,7,1,2
203076,2018-19,4,10,1,2
203076,2018-19,4,11,2,2
203076,2018-19,4,12,1,2
203076,2018-19,4,13,0,1
203076,2018-19,4,20,0,1
203076,2018-19,4,24,1,2
203076,2018-19,4,25,1,1
203076,2018-19,4,29,0,2
203076,2018-19,5,5,0,2
203076,2018-19,5,7,1,2
203076,2018-19,5,8,1,1
203076,2018-19,5,9,0,1
203076,2018-19,5,10,0,1
203076,2018-19,5,11,0,1
203076,2018-19,5,13,1,1
203076,2018-19,5,23,0,2
203076,2018-19,5,26,1,1
203076,2018-19,6,5,0,1
203076,2018-19,6,8,0,1
203076,2018-19,6,10,0,1
203076,2018-19,6,16,1,1
203076,2018-19,6,21,0,1
203076,2018-19,6,25,0,1
203076,2018-19,6,29,3,3
203076,2018-19,6,30,0,1
203076,2018-19,6,31,0,1
203076,2018-19,7,9,0,2
203076,2018-19,7,13,2,2
203076,2018-19,7,14,0,1
203076,2018-19,7,17,1,1
203076,2018-19,7,19,0,1
203076,2018-19,7,29,1,2
203076,2018-19,7,30,1,2
203076,2018-19,7,33,0,1
203076,2018-19,8,5,1,1
203076,2018-19,8,7,0,1
203076,2018-19,8,17,1,2
203076,2018-19,8,18,1,1
203076,2018-19,8,20,0,1
203076,2018-19,8,30,1,2
203076,2018-19,9,5,0,1
203076,2018-19,9,12,1,1
203076,2018-19,9,13,2,2
203076,2018-19,9,17,0,1
203076,2018-19,9,18,1,1
203076,2018-19,9,19,1,1
203076,2018-19,9,25,0,1
203076,2018-19,9,28,0,2
203076,2018-19,9,29,0,3
203076,2018-19,9,30,0,1
203076,2018-19,10,8,1,1
203076,2018-19,10,13,1,2
203076,2018-19,10,17,0,3
203076,2018-19,10,19,1,1
203076,2018-19,10,20,1,1
203076,2018-19,10,21,1,1
203076,2018-19,10,28,0,2
203076,2018-19,11,4,0,1
203076,2018-19,11,11,0,1
203076,2018-19,11,14,0,1
203076,2018-19,11,17,1,2
203076,2018-19,11,18,0,1
203076,2018-19,11,19,0,2
203076,2018-19,11,26,0,1
203076,2018-19,11,30,0,1
203076,2018-19,12,8,0,1
203076,2018-19,12,9,1,1
203076,2018-19,12,20,1,1
203076,2018-19,12,27,1,1
203076,2018-19,12,28,2,2
203076,2018-19,12,30,1,1
203076,2018-19,13,3,1,1
203076,2018-19,13,12,1,1
203076,2018-19,13,15,0,1
203076,2018-19,13,17,0,1
203076,2018-19,13,18,0,1
203076,2018-19,13,19,1,3
203076,2018-19,13,21,0,1
203076,2018-19,13,26,0,1
203076,2018-19,13,27,0,1
203076,2018-19,13,31,0,1
203076,2018-19,14,5,0,2
203076,2018-19,14,6,0,1
203076,2018-19,14,7,0,1
203076,2018-19,14,8,0,1
203076,2018-19,14,11,0,1
203076,2018-19,14,13,0,2
203076,2018-19,14,16,0,1
203076,2018-19,14,24,0,1
203076,2018-19,14,25,1,2
203076,2018-19,15,5,1,1
203076,2018-19,15,14,0,1
203076,2018-19,15,15,0,1
203076,2018-19,15,24,0,1
203076,2018-19,15,25,0,1
203076,2018-19,15,26,0,1
203076,2018-19,15,27,0,1
203076,2018-19,16,17,1,1
203076,2018-19,16,25,0,1
203076,2018-19,16,27,0,1
203076,2018-19,17,11,1,1
203076,2018-19,17,23,0,2
203076,2018-19,17,25,0,1
203076,2018-19,18,13,0,1
203076,2018-19,18,21,1,1
203076,2018-19,18,22,0,1
203076,2018-19,19,5,0,1
203076,2018-19,19,14,0,1
203076,2018-19,19,20,1,1
203076,2018-19,21,16,0,1
203076,2018-19,21,17,0,1
203076,2018-19,21,18,0,1
203076,2018-19,21,21,0,1
203076,2018-19,22,4,0,1
203076,2018-19,22,6,0,1
203076,2018-19,22,12,0,1
203076,2018-19,22,15,1,1
203076,2018-19,22,16,1,1
203076,2018-19,23,9,0,1
203076,2018-19,23,12,1,1
203076,2019-20,-24,6,0,1
203076,2019-20,-23,5,3,6
203076,2019-20,-23,6,2,2
203076,2019-20,-23,7,0,1
203076,2019-20,-23,8,2,2
203076,2019-20,-23,10,2,2
203076,2019-20,-23,11,1,4
203076,2019-20,-23,16,0,1
203076,2019-20,-22,8,1,1
203076,2019-20,-22,9,1,5
203076,2019-20,-22,10,2,2
203076,2019-20,-22,12,1,1
203076,2019-20,-22,13,0,1
203076,2019-20,-22,14,0,1
203076,2019-20,-22,15,0,1
203076,2019-20,-22,19,0,1
203076,2019-20,-21,16,1,1
203076,2019-20,-21,18,1,1
203076,2019-20,-21,21,0,1
203076,2019-20,-20,8,0,1
203076,2019-20,-20,14,0,1
203076,2019-20,-20,20,0,1
203076,2019-20,-20,21,0,1
203076,2019-20,-19,5,1,1
203076,2019-20,-19,19,0,1
203076,2019-20,-19,20,0,1
203076,2019-20,-19,22,1,1
203076,2019-20,-18,5,0,1
203076,2019-20,-18,6,0,1
203076,2019-20,-18,11,0,1
203076,2019-20,-18,12,0,1
203076,2019-20,-18,15,1,1
203076,2019-20,-18,21,0,1
203076,2019-20,-18,22,0,2
203076,2019-20,-18,23,1,3
203076,2019-20,-17,6,1,1
203076,2019-20,-17,8,0,1
203076,2019-20,-17,9,1,1
203076,2019-20,-17,10,0,1
203076,2019-20,-17,12,1,1
203076,2019-20,-17,15,0,1
203076,2019-20,-17,23,1,3
203076,2019-20,-17,24,2,2
203076,2019-20,-16,5,1,1
203076,2019-20,-16,7,0,1
203076,2019-20,-16,13,0,1
203076,2019-20,-16,15,0,1
203076,2019-20,-16,16,1,1
203076,2019-20,-16,20,0,1
203076,2019-20,-16,26,2,2
203076,2019-20,-16,27,0,1
203076,2019-20,-15,6,1,2
203076,2019-20,-15,7,0,1
203076,2019-20,-15,9,1,2
203076,2019-20,-15,12,0,1
203076,2019-20,-15,13,1,1
203076,2019-20,-15,15,0,1
203076,2019-20,-15,24,0,1
203076,2019-20,-15,25,0,1
203076,2019-20,-15,26,1,2
203076,2019-20,-15,27,0,3
203076,2019-20,-15,28,0,1
203076,2019-20,-14,5,0,1
203076,2019-20,-14,7,0,1
203076,2019-20,-14,8,0,2
203076,2019-20,-14,9,0,1
203076,2019-20,-14,11,0,1
203076,2019-20,-14,12,1,1
203076,2019-20,-14,13,1,1
203076,2019-20,-14,14,0,2
203076,2019-20,-14,15,0,1
203076,2019-20,-14,16,0,1
203076,2019-20,-14,17,1,1
203076,2019-20,-14,25,0,5
203076,2019-20,-14,26,0,2
203076,2019-20,-14,27,0,1
203076,2019-20,-14,28,0,1
203076,2019-20,-14,29,0,1
203076,2019-20,-13,4,0,1
203076,2019-20,-13,5,0,1
203076,2019-20,-13,6,2,2
203076,2019-20,-13,7,0,2
203076,2019-20,-13,8,1,1
203076,2019-20,-13,9,1,1
203076,2019-20,-13,11,1,2
203076,2019-20,-13,13,1,1
203076,2019-20,-13,14,1,2
203076,2019-20,-13,15,1,2
203076,2019-20,-13,16,1,2
203076,2019-20,-13,17,1,1
203076,2019-20,-13,18,0,1
203076,2019-20,-13,21,0,1
203076,2019-20,-13,26,0,1
203076,2019-20,-13,27,1,1
203076,2019-20,-13,28,1,2
203076,2019-20,-12,2,0,1
203076,2019-20,-12,5,2,4
203076,2019-20,-12,7,0,1
203076,2019-20,-12,8,1,2
203076,2019-20,-12,9,0,1
203076,2019-20,-12,10,0,1
203076,2019-20,-12,11,2,4
203076,2019-20,-12,12,0,1
203076,2019-20,-12,13,0,1
203076,2019-20,-12,16,0,1
203076,2019-20,-12,17,0,1
203076,2019-20,-12,19,1,3
203076,2019-20,-12,20,0,1
203076,2019-20,-12,21,1,1
203076,2019-20,-12,22,0,1
203076,2019-20,-12,23,0,2
203076,2019-20,-12,27,0,3
203076,2019-20,-12,28,1,3
203076,2019-20,-12,29,0,1
203076,2019-20,-11,5,1,1
203076,2019-20,-11,9,0,1
203076,2019-20,-11,10,1,1
203076,2019-20,-11,11,0,1
203076,2019-20,-11,12,0,1
203076,2019-20,-11,13,0,1
203076,2019-20,-11,14,0,3
203076,2019-20,-11,17,2,3
203076,2019-20,-11,18,1,1
203076,2019-20,-11,23,0,1
203076,2019-20,-11,29,0,1
203076,2019-20,-10,6,0,1
203076,2019-20,-10,7,0,1
203076,2019-20,-10,8,0,2
203076,2019-20,-10,9,0,2
203076,2019-20,-10,11,1,2
203076,2019-20,-10,12,1,4
203076,2019-20,-10,13,0,1
203076,2019-20,-10,15,2,2
203076,2019-20,-10,16,1,1
203076,2019-20,-10,17,0,2
203076,2019-20,-10,20,0,1
203076,2019-20,-10,21,0,2
203076,2019-20,-10,22,1,1
203076,2019-20,-10,23,0,2
203076,2019-20,-10,25,0,1
203076,2019-20,-10,28,0,1
203076,2019-20,-10,30,1,1
203076,2019-20,-9,5,1,2
203076,2019-20,-9,10,1,1
203076,2019-20,-9,12,1,1
203076,2019-20,-9,16,1,2
203076,2019-20,-9,20,0,1
203076,2019-20,-9,21,0,1
203076,2019-20,-9,22,0,1
203076,2019-20,-9,28,2,2
203076,2019-20,-9,29,1,2
203076,2019-20,-9,30,1,1
203076,2019-20,-8,6,2,2
203076,2019-20,-8,9,0,1
203076,2019-20,-8,13,1,1
203076,2019-20,-8,14,1,1
203076,2019-20,-8,16,1,1
203076,2019-20,-8,18,1,1
203076,2019-20,-8,19,0,1
203076,2019-20,-8,20,0,1
203076,2019-20,-8,21,1,1
203076,2019-20,-8,22,0,1
203076,2019-20,-8,23,0,2
203076,2019-20,-8,28,1,2
203076,2019-20,-8,29,0,1
203076,2019-20,-8,30,0,2
203076,2019-20,-8,31,1,1
203076,2019-20,-7,4,1,1
203076,2019-20,-7,6,0,1
203076,2019-20,-7,7,0,1
203076,2019-20,-7,10,0,1
203076,2019-20,-7,13,1,1
203076,2019-20,-7,15,1,1
203076,2019-20,-7,16,1,1
203076,2019-20,-7,17,1,1
203076,2019-20,-7,18,1,2
203076,2019-20,-7,19,0,2
203076,2019-20,-7,23,1,1
203076,2019-20,-7,28,1,1
203076,2019-20,-7,29,1,4
203076,2019-20,-7,30,0,1
203076,2019-20,-7,33,0,1
203076,2019-20,-6,5,1,1
203076,2019-20,-6,6,0,1
203076,2019-20,-6,7,0,3
203076,2019-20,-6,12,0,1
203076,2019-20,-6,18,0,1
203076,2019-20,-6,19,0,1
203076,2019-20,-6,21,0,2
203076,2019-20,-6,23,0,1
203076,2019-20,-6,25,1,1
203076,2019-20,-6,28,1,1
203076,2019-20,-6,30,1,1
203076,2019-20,-6,31,0,1
203076,2019-20,-5,4,0,1
203076,2019-20,-5,5,3,3
203076,2019-20,-5,6,1,1
203076,2019-20,-5,7,0,1
203076,2019-20,-5,8,0,1
203076,2019-20,-5,12,1,1
203076,2019-20,-5,14,4,5
203076,2019-20,-5,15,0,2
203076,2019-20,-5,17,1,1
203076,2019-20,-5,18,2,2
203076,2019-20,-5,21,1,1
203076,2019-20,-5,23,1,1
203076,2019-20,-5,30,1,2
203076,2019-20,-5,31,1,2
203076,2019-20,-5,33,0,1
203076,2019-20,-4,4,0,1
203076,2019-20,-4,5,1,1
203076,2019-20,-4,6,0,4
203076,2019-20,-4,7,2,3
203076,2019-20,-4,8,1,1
203076,2019-20,-4,9,2,3
203076,2019-20,-4,10,0,1
203076,2019-20,-4,11,0,1
203076,2019-20,-4,13,1,2
203076,2019-20,-4,14,0,1
203076,2019-20,-4,15,0,1
203076,2019-20,-4,17,2,3
203076,2019-20,-4,24,0,1
203076,2019-20,-4,30,0,1
203076,2019-20,-4,31,1,1
203076,2019-20,-3,5,2,3
203076,2019-20,-3,6,2,3
203076,2019-20,-3,7,0,3
203076,2019-20,-3,9,2,6
203076,2019-20,-3,10,0,1
203076,2019-20,-3,13,0,1
203076,2019-20,-3,14,0,1
203076,2019-20,-3,15,0,2
203076,2019-20,-3,16,1,1
203076,2019-20,-3,17,1,1
203076,2019-20,-3,18,0,1
203076,2019-20,-3,20,0,1
203076,2019-20,-3,22,1,1
203076,2019-20,-3,23,0,1
203076,2019-20,-3,28,0,1
203076,2019-20,-3,29,0,1
203076,2019-20,-3,30,2,2
203076,2019-20,-3,31,0,2
203076,2019-20,-3,32,1,1
203076,2019-20,-2,5,4,7
203076,2019-20,-2,6,6,11
203076,2019-20,-2,7,2,4
203076,2019-20,-2,8,2,6
203076,2019-20,-2,9,1,2
203076,2019-20,-2,10,0,1
203076,2019-20,-2,11,1,1
203076,2019-20,-2,12,0,1
203076,2019-20,-2,16,1,1
203076,2019-20,-2,17,1,1
203076,2019-20,-2,19,0,1
203076,2019-20,-2,23,0,1
203076,2019-20,-2,24,1,1
203076,2019-20,-2,26,2,2
203076,2019-20,-2,29,0,1
203076,2019-20,-2,30,1,3
203076,2019-20,-2,31,1,2
203076,2019-20,-2,32,0,1
203076,2019-20,-1,5,6,7
203076,2019-20,-1,6,17,26
203076,2019-20,-1,7,6,11
203076,2019-20,-1,9,0,3
203076,2019-20,-1,10,2,2
203076,2019-20,-1,11,0,2
203076,2019-20,-1,12,0,1
203076,2019-20,-1,16,1,3
203076,2019-20,-1,20,0,1
203076,2019-20,-1,22,1,2
203076,2019-20,-1,23,1,1
203076,2019-20,-1,30,1,2
203076,2019-20,-1,31,1,2
203076,2019-20,0,4,3,4
203076,2019-20,0,5,116,136
203076,2019-20,0,6,74,83
203076,2019-20,0,7,21,34
203076,2019-20,0,8,14,20
203076,2019-20,0,9,5,8
203076,2019-20,0,10,7,11
203076,2019-20,0,11,3,5
203076,2019-20,0,12,0,3
203076,2019-20,0,13,2,6
203076,2019-20,0,14,1,3
203076,2019-20,0,16,1,3
203076,2019-20,0,17,1,2
203076,2019-20,0,18,0,1
203076,2019-20,0,20,2,2
203076,2019-20,0,21,1,4
203076,2019-20,0,22,1,1
203076,2019-20,0,23,1,2
203076,2019-20,0,29,0,1
203076,2019-20,0,30,0,3
203076,2019-20,0,31,1,4
203076,2019-20,0,32,0,1
203076,2019-20,1,5,11,16
203076,2019-20,1,6,12,21
203076,2019-20,1,7,5,10
203076,2019-20,1,8,0,2
203076,2019-20,1,9,0,2
203076,2019-20,1,10,1,2
203076,2019-20,1,12,0,1
203076,2019-20,1,13,0,1
203076,2019-20,1,16,1,3
203076,2019-20,1,26,0,1
203076,2019-20,1,31,0,2
203076,2019-20,1,47,0,1
203076,2019-20,2,5,1,7
203076,2019-20,2,6,3,5
203076,2019-20,2,7,3,7
203076,2019-20,2,8,1,2
203076,2019-20,2,9,1,5
203076,2019-20,2,10,0,3
203076,2019-20,2,12,2,2
203076,2019-20,2,13,0,1
203076,2019-20,2,14,0,1
203076,2019-20,2,15,0,2
203076,2019-20,2,16,1,1
203076,2019-20,2,18,1,1
203076,2019-20,2,21,0,2
203076,2019-20,2,22,0,1
203076,2019-20,2,24,1,1
203076,2019-20,3,5,0,1
203076,2019-20,3,7,1,1
203076,2019-20,3,9,0,1
203076,2019-20,3,10,0,3
203076,2019-20,3,14,1,1
203076,2019-20,3,15,0,1
203076,2019-20,3,18,1,1
203076,2019-20,3,21,0,1
203076,2019-20,3,23,0,1
203076,2019-20,3,31,0,2
203076,2019-20,4,5,0,1
203076,2019-20,4,6,2,2
203076,2019-20,4,7,0,2
203076,2019-20,4,8,1,1
203076,2019-20,4,9,0,1
203076,2019-20,4,11,0,1
203076,2019-20,4,12,0,1
203076,2019-20,4,14,1,2
203076,2019-20,4,17,1,1
203076,2019-20,4,22,0,1
203076,2019-20,4,24,0,1
203076,2019-20,4,30,0,1
203076,2019-20,5,10,0,1
203076,2019-20,5,13,0,1
203076,2019-20,5,14,1,1
203076,2019-20,5,15,0,1
203076,2019-20,5,16,0,2
203076,2019-20,5,18,0,1
203076,2019-20,5,19,1,1
203076,2019-20,5,21,0,1
203076,2019-20,5,24,1,1
203076,2019-20,6,8,1,1
203076,2019-20,6,9,0,1
203076,2019-20,6,12,1,1
203076,2019-20,6,14,0,1
203076,2019-20,6,15,0,2
203076,2019-20,6,16,0,1
203076,2019-20,6,17,1,1
203076,2019-20,6,18,1,1
203076,2019-20,6,19,0,1
203076,2019-20,6,29,1,1
203076,2019-20,6,30,0,2
203076,2019-20,7,7,0,1
203076,2019-20,7,11,0,1
203076,2019-20,7,13,1,1
203076,2019-20,7,15,0,1
203076,2019-20,7,18,0,2
203076,2019-20,7,19,0,1
203076,2019-20,7,20,0,1
203076,2019-20,7,21,0,1
203076,2019-20,7,30,1,2
203076,2019-20,8,9,1,1
203076,2019-20,8,11,1,1
203076,2019-20,8,20,1,1
203076,2019-20,8,21,0,1
203076,2019-20,8,31,1,1
203076,2019-20,8,40,0,1
203076,2019-20,9,13,1,1
203076,2019-20,9,14,0,1
203076,2019-20,9,19,0,2
203076,2019-20,9,21,0,1
203076,2019-20,9,22,1,2
203076,2019-20,9,28,0,1
203076,2019-20,9,29,2,2
203076,2019-20,9,30,1,2
203076,2019-20,9,31,0,1
203076,2019-20,10,5,1,1
203076,2019-20,10,11,1,1
203076,2019-20,10,12,0,1
203076,2019-20,10,13,0,1
203076,2019-20,10,14,1,1
203076,2019-20,10,16,0,1
203076,2019-20,10,17,0,1
203076,2019-20,10,20,0,1
203076,2019-20,10,21,1,1
203076,2019-20,10,27,0,1
203076,2019-20,10,29,0,1
203076,2019-20,11,7,1,1
203076,2019-20,11,10,1,1
203076,2019-20,11,15,0,1
203076,2019-20,11,16,0,1
203076,2019-20,11,19,0,1
203076,2019-20,11,21,0,1
203076,2019-20,11,27,0,1
203076,2019-20,11,28,0,1
203076,2019-20,11,29,0,1
203076,2019-20,12,7,1,1
203076,2019-20,12,9,0,1
203076,2019-20,12,10,0,2
203076,2019-20,12,12,1,2
203076,2019-20,12,13,0,1
203076,2019-20,12,17,0,1
203076,2019-20,12,29,0,1
203076,2019-20,13,9,0,1
203076,2019-20,13,10,1,1
203076,2019-20,13,12,1,2
203076,2019-20,13,13,0,1
203076,2019-20,13,14,0,1
203076,2019-20,13,16,0,2
203076,2019-20,13,17,0,1
203076,2019-20,13,21,0,1
203076,2019-20,13,26,1,1
203076,2019-20,13,28,2,2
203076,2019-20,14,8,0,1
203076,2019-20,14,26,0,1
203076,2019-20,14,27,1,3
203076,2019-20,15,14,0,1
203076,2019-20,15,17,0,1
203076,2019-20,15,24,0,1
203076,2019-20,15,25,0,2
203076,2019-20,15,26,0,1
203076,2019-20,15,27,0,3
203076,2019-20,15,30,0,1
203076,2019-20,16,15,1,1
203076,2019-20,16,17,1,1
203076,2019-20,16,24,0,1
203076,2019-20,16,25,1,2
203076,2019-20,16,27,1,1
203076,2019-20,16,42,0,1
203076,2019-20,17,8,1,1
203076,2019-20,17,13,0,1
203076,2019-20,17,24,1,2
203076,2019-20,17,25,0,1
203076,2019-20,18,7,0,1
203076,2019-20,18,21,0,1
203076,2019-20,18,22,0,1
203076,2019-20,18,23,0,1
203076,2019-20,19,10,0,1
203076,2019-20,19,16,0,1
203076,2019-20,19,19,1,1
203076,2019-20,19,20,1,2
203076,2019-20,19,21,1,2
203076,2019-20,19,22,1,1
203076,2019-20,20,19,0,1
203076,2019-20,21,17,1,1
203076,2019-20,21,18,0,1
203076,2019-20,22,4,1,1
203076,2019-20,22,5,1,3
203076,2019-20,22,6,0,2
203076,2019-20,22,12,1,1
203076,2019-20,22,13,1,2
203076,2019-20,23,4,0,1
203076,2019-20,23,5,0,1
203076,2019-20,23,6,0,1
203076,2019-20,23,7,0,1
203076,2019-20,23,11,0,1
203076,2019-20,23,13,0,2
203076,2020-21,-24,6,0,1
203076,2020-21,-23,7,1,1
203076,2020-21,-23,10,1,2
203076,2020-21,-22,5,1,1
203076,2020-21,-22,7,1,1
203076,2020-21,-22,8,0,1
203076,2020-21,-22,11,1,1
203076,2020-21,-21,18,1,2
203076,2020-21,-21,19,0,1
203076,2020-21,-21,20,0,1
203076,2020-21,-20,19,0,2
203076,2020-21,-20,20,0,1
203076,2020-21,-19,21,0,1
203076,2020-21,-18,14,0,1
203076,2020-21,-18,24,2,2
203076,2020-21,-17,2,0,1
203076,2020-21,-17,23,0,1
203076,2020-21,-17,24,0,1
203076,2020-21,-16,7,1,1
203076,2020-21,-16,9,0,1
203076,2020-21,-16,11,0,1
203076,2020-21,-16,23,1,2
203076,2020-21,-16,25,0,1
203076,2020-21,-16,26,1,1
203076,2020-21,-16,27,0,1
203076,2020-21,-16,38,0,1
203076,2020-21,-15,14,0,1
203076,2020-21,-15,18,0,1
203076,2020-21,-15,20,0,1
203076,2020-21,-15,26,0,1
203076,2020-21,-15,27,2,2
203076,2020-21,-14,5,1,1
203076,2020-21,-14,8,1,1
203076,2020-21,-14,10,0,1
203076,2020-21,-14,12,1,1
203076,2020-21,-14,13,0,2
203076,2020-21,-14,14,0,1
203076,2020-21,-14,18,1,1
203076,2020-21,-14,26,0,3
203076,2020-21,-14,27,0,1
203076,2020-21,-13,3,1,1
203076,2020-21,-13,4,0,1
203076,2020-21,-13,6,0,3
203076,2020-21,-13,7,1,2
203076,2020-21,-13,8,1,1
203076,2020-21,-13,9,0,2
203076,2020-21,-13,12,0,1
203076,2020-21,-13,13,0,1
203076,2020-21,-13,14,0,1
203076,2020-21,-13,15,0,1
203076,2020-21,-13,17,0,1
203076,2020-21,-13,20,1,1
203076,2020-21,-13,22,0,1
203076,2020-21,-13,26,0,2
203076,2020-21,-13,27,1,1
203076,2020-21,-13,28,0,1
203076,2020-21,-12,6,0,1
203076,2020-21,-12,7,0,1
203076,2020-21,-12,8,1,2
203076,2020-21,-12,10,2,2
203076,2020-21,-12,12,0,1
203076,2020-21,-12,14,2,2
203076,2020-21,-12,15,1,4
203076,2020-21,-12,16,1,1
203076,2020-21,-12,17,1,1
203076,2020-21,-12,18,1,1
203076,2020-21,-12,20,0,1
203076,2020-21,-12,21,0,1
203076,2020-21,-12,27,0,1
203076,2020-21,-12,28,0,1
203076,2020-21,-11,5,0,1
203076,2020-21,-11,6,0,1
203076,2020-21,-11,7,0,1
203076,2020-21,-11,9,0,1
203076,2020-21,-11,11,2,4
203076,2020-21,-11,13,1,1
203076,2020-21,-11,14,0,2
203076,2020-21,-11,16,0,1
203076,2020-21,-11,17,0,1
203076,2020-21,-11,18,0,1
203076,2020-21,-11,20,1,1
203076,2020-21,-11,22,0,1
203076,2020-21,-10,4,0,1
203076,2020-21,-10,5,0,2
203076,2020-21,-10,6,1,1
203076,2020-21,-10,7,0,1
203076,2020-21,-10,10,1,2
203076,2020-21,-10,13,2,3
203076,2020-21,-10,15,0,1
203076,2020-21,-10,16,0,1
203076,2020-21,-10,17,0,1
203076,2020-21,-10,18,0,1
203076,2020-21,-10,19,1,2
203076,2020-21,-9,9,1,2
203076,2020-21,-9,10,1,1
203076,2020-21,-9,11,1,2
203076,2020-21,-9,12,0,1
203076,2020-21,-9,15,1,2
203076,2020-21,-9,20,0,2
203076,2020-21,-9,23,0,1
203076,2020-21,-9,28,0,1
203076,2020-21,-9,33,1,1
203076,2020-21,-8,6,1,1
203076,2020-21,-8,11,1,1
203076,2020-21,-8,19,1,2
203076,2020-21,-8,28,0,1
203076,2020-21,-7,8,1,1
203076,2020-21,-7,17,1,1
203076,2020-21,-7,20,0,1
203076,2020-21,-7,21,0,2
203076,2020-21,-7,23,0,1
203076,2020-21,-7,24,0,1
203076,2020-21,-7,29,0,1
203076,2020-21,-7,31,0,1
203076,2020-21,-7,32,1,2
203076,2020-21,-6,5,1,1
203076,2020-21,-6,6,1,1
203076,2020-21,-6,7,1,1
203076,2020-21,-6,8,0,2
203076,2020-21,-6,9,0,1
203076,2020-21,-6,11,0,1
203076,2020-21,-6,12,1,4
203076,2020-21,-6,13,0,2
203076,2020-21,-6,15,0,2
203076,2020-21,-6,16,0,1
203076,2020-21,-6,18,1,5
203076,2020-21,-6,26,0,1
203076,2020-21,-6,28,0,1
203076,2020-21,-5,6,1,2
203076,2020-21,-5,7,1,1
203076,2020-21,-5,9,1,1
203076,2020-21,-5,10,0,1
203076,2020-21,-5,23,1,1
203076,2020-21,-4,4,1,1
203076,2020-21,-4,5,0,2
203076,2020-21,-4,8,0,1
203076,2020-21,-4,11,1,1
203076,2020-21,-4,12,0,1
203076,2020-21,-4,13,0,2
203076,2020-21,-4,16,0,1
203076,2020-21,-4,19,1,1
203076,2020-21,-4,30,0,1
203076,2020-21,-4,31,0,2
203076,2020-21,-4,33,0,1
203076,2020-21,-3,5,0,1
203076,2020-21,-3,6,1,1
203076,2020-21,-3,7,2,3
203076,2020-21,-3,9,0,2
203076,2020-21,-3,10,3,4
203076,2020-21,-3,11,0,2
203076,2020-21,-3,13,1,1
203076,2020-21,-3,14,1,1
203076,2020-21,-3,15,0,1
203076,2020-21,-3,17,1,1
203076,2020-21,-3,19,0,1
203076,2020-21,-3,23,0,1
203076,2020-21,-3,24,0,1
203076,2020-21,-2,5,3,3
203076,2020-21,-2,6,1,4
203076,2020-21,-2,7,0,4
203076,2020-21,-2,9,0,2
203076,2020-21,-2,12,1,1
203076,2020-21,-2,13,1,1
203076,2020-21,-2,14,2,2
203076,2020-21,-2,16,1,1
203076,2020-21,-2,17,0,1
203076,2020-21,-2,18,1,1
203076,2020-21,-2,20,0,1
203076,2020-21,-2,23,1,1
203076,2020-21,-2,32,0,1
203076,2020-21,-1,5,4,5
203076,2020-21,-1,6,13,13
203076,2020-21,-1,7,1,3
203076,2020-21,-1,8,1,1
203076,2020-21,-1,9,1,1
203076,2020-21,-1,10,1,2
203076,2020-21,-1,11,2,2
203076,2020-21,-1,12,1,2
203076,2020-21,-1,13,1,1
203076,2020-21,-1,14,1,1
203076,2020-21,-1,16,1,1
203076,2020-21,-1,18,1,3
203076,2020-21,-1,19,0,1
203076,2020-21,-1,20,0,2
203076,2020-21,-1,21,2,2
203076,2020-21,-1,29,0,1
203076,2020-21,0,5,47,57
203076,2020-21,0,6,23,27
203076,2020-21,0,7,9,13
203076,2020-21,0,8,7,8
203076,2020-21,0,9,0,3
203076,2020-21,0,10,3,6
203076,2020-21,0,11,3,5
203076,2020-21,0,12,1,2
203076,2020-21,0,13,3,4
203076,2020-21,0,14,1,2
203076,2020-21,0,15,1,3
203076,2020-21,0,16,0,1
203076,2020-21,0,17,1,2
203076,2020-21,0,18,0,1
203076,2020-21,0,19,1,1
203076,2020-21,0,20,0,1
203076,2020-21,0,21,0,2
203076,2020-21,0,22,0,1
203076,2020-21,0,23,1,1
203076,2020-21,0,26,0,1
203076,2020-21,0,32,0,1
203076,2020-21,1,5,8,11
203076,2020-21,1,6,3,5
203076,2020-21,1,7,2,5
203076,2020-21,1,8,2,2
203076,2020-21,1,9,0,1
203076,2020-21,1,15,0,1
203076,2020-21,1,17,1,1
203076,2020-21,1,21,0,1
203076,2020-21,2,5,1,1
203076,2020-21,2,6,2,4
203076,2020-21,2,7,1,2
203076,2020-21,2,15,1,1
203076,2020-21,2,22,1,1
203076,2020-21,2,23,0,1
203076,2020-21,3,6,1,2
203076,2020-21,3,7,1,2
203076,2020-21,3,8,2,3
203076,2020-21,3,9,2,2
203076,2020-21,3,10,1,2
203076,2020-21,3,12,0,1
203076,2020-21,3,13,1,1
203076,2020-21,3,15,1,1
203076,2020-21,3,16,1,1
203076,2020-21,3,17,1,1
203076,2020-21,3,22,1,1
203076,2020-21,3,30,1,1
203076,2020-21,3,34,0,1
203076,2020-21,4,4,1,1
203076,2020-21,4,5,1,2
203076,2020-21,4,7,0,1
203076,2020-21,4,10,0,1
203076,2020-21,4,15,1,1
203076,2020-21,4,16,0,1
203076,2020-21,4,17,1,2
203076,2020-21,4,18,1,1
203076,2020-21,4,20,0,1
203076,2020-21,4,23,0,1
203076,2020-21,4,31,1,1
203076,2020-21,5,7,0,1
203076,2020-21,5,8,0,1
203076,2020-21,5,9,1,1
203076,2020-21,5,11,0,1
203076,2020-21,5,12,1,1
203076,2020-21,5,13,1,1
203076,2020-21,5,14,1,2
203076,2020-21,5,15,0,1
203076,2020-21,5,16,2,2
203076,2020-21,5,18,1,1
203076,2020-21,5,23,1,1
203076,2020-21,5,39,0,1
203076,2020-21,6,7,2,2
203076,2020-21,6,8,1,1
203076,2020-21,6,9,0,1
203076,2020-21,6,12,0,1
203076,2020-21,6,13,2,2
203076,2020-21,6,14,0,1
203076,2020-21,6,15,1,1
203076,2020-21,6,18,1,1
203076,2020-21,6,19,0,1
203076,2020-21,6,20,0,2
203076,2020-21,6,21,1,1
203076,2020-21,6,23,1,1
203076,2020-21,6,29,0,1
203076,2020-21,7,11,1,1
203076,2020-21,7,13,0,1
203076,2020-21,7,17,1,1
203076,2020-21,7,18,0,1
203076,2020-21,7,26,0,1
203076,2020-21,7,29,0,2
203076,2020-21,7,30,0,1
203076,2020-21,8,8,0,1
203076,2020-21,8,14,0,1
203076,2020-21,8,22,0,1
203076,2020-21,8,28,0,2
203076,2020-21,8,29,1,2
203076,2020-21,9,11,0,1
203076,2020-21,9,16,0,2
203076,2020-21,9,17,0,1
203076,2020-21,9,18,1,1
203076,2020-21,9,19,0,1
203076,2020-21,9,27,0,1
203076,2020-21,9,29,0,1
203076,2020-21,9,30,0,1
203076,2020-21,10,4,0,1
203076,2020-21,10,7,0,1
203076,2020-21,10,10,0,1
203076,2020-21,10,12,0,1
203076,2020-21,10,13,1,1
203076,2020-21,10,19,1,1
203076,2020-21,10,24,0,1
203076,2020-21,10,27,0,2
203076,2020-21,10,28,0,2
203076,2020-21,10,30,0,1
203076,2020-21,11,8,1,1
203076,2020-21,11,10,0,1
203076,2020-21,11,14,1,1
203076,2020-21,11,17,0,3
203076,2020-21,11,18,0,1
203076,2020-21,11,19,1,1
203076,2020-21,11,20,1,1
203076,2020-21,11,21,1,1
203076,2020-21,11,22,1,1
203076,2020-21,11,27,1,1
203076,2020-21,11,30,1,1
203076,2020-21,12,7,1,1
203076,2020-21,12,8,1,1
203076,2020-21,12,12,1,1
203076,2020-21,12,15,1,1
203076,2020-21,12,20,0,1
203076,2020-21,12,26,0,1
203076,2020-21,12,28,0,2
203076,2020-21,13,14,0,1
203076,2020-21,13,18,0,1
203076,2020-21,13,26,0,1
203076,2020-21,14,5,0,1
203076,2020-21,14,9,1,2
203076,2020-21,14,10,0,1
203076,2020-21,14,18,0,1
203076,2020-21,14,27,0,1
203076,2020-21,15,7,1,1
203076,2020-21,15,24,0,1
203076,2020-21,16,13,1,1
203076,2020-21,16,15,0,1
203076,2020-21,16,17,0,1
203076,2020-21,16,24,0,1
203076,2020-21,16,25,0,1
203076,2020-21,17,5,0,1
203076,2020-21,17,16,1,1
203076,2020-21,17,22,0,1
203076,2020-21,18,6,1,1
203076,2020-21,18,14,0,1
203076,2020-21,18,19,0,1
203076,2020-21,19,7,0,1
203076,2020-21,19,20,0,1
203076,2020-21,20,23,0,1
203076,2020-21,21,19,0,1
203076,2020-21,21,20,1,1
203076,2020-21,22,6,1,1
203076,2020-21,22,7,1,1
203076,2020-21,23,5,0,2
203076,2020-21,23,6,0,1
203076,2020-21,23,7,2,2
203076,2020-21,23,9,1,1
203076,2020-21,23,14,0,1
203076,2021-22,-23,6,0,1
203076,2021-22,-23,11,0,1
203076,2021-22,-23,12,0,1
203076,2021-22,-22,19,1,1
203076,2021-22,-21,18,1,1
203076,2021-22,-21,22,0,2
203076,2021-22,-19,20,0,1
203076,2021-22,-19,21,0,1
203076,2021-22,-18,21,0,1
203076,2021-22,-18,23,0,2
203076,2021-22,-16,5,0,1
203076,2021-22,-16,6,1,1
203076,2021-22,-16,8,0,1
203076,2021-22,-16,18,1,1
203076,2021-22,-16,26,0,1
203076,2021-22,-15,7,0,1
203076,2021-22,-15,8,0,2
203076,2021-22,-15,9,1,1
203076,2021-22,-15,14,1,1
203076,2021-22,-15,17,1,1
203076,2021-22,-15,22,0,1
203076,2021-22,-14,6,1,3
203076,2021-22,-14,7,0,1
203076,2021-22,-14,14,1,1
203076,2021-22,-14,15,0,1
203076,2021-22,-14,26,1,1
203076,2021-22,-14,27,0,1
203076,2021-22,-13,5,0,1
203076,2021-22,-13,7,0,2
203076,2021-22,-13,9,1,1
203076,2021-22,-13,13,0,1
203076,2021-22,-13,15,1,2
203076,2021-22,-13,18,1,2
203076,2021-22,-13,19,0,2
203076,2021-22,-13,22,1,1
203076,2021-22,-13,26,1,1
203076,2021-22,-12,7,0,1
203076,2021-22,-12,10,0,1
203076,2021-22,-12,12,0,1
203076,2021-22,-12,14,1,1
203076,2021-22,-12,15,0,1
203076,2021-22,-12,16,0,1
203076,2021-22,-12,18,0,1
203076,2021-22,-12,20,0,1
203076,2021-22,-12,21,0,2
203076,2021-22,-11,4,1,1
203076,2021-22,-11,6,0,1
203076,2021-22,-11,8,0,1
203076,2021-22,-11,10,1,3
203076,2021-22,-11,12,1,1
203076,2021-22,-11,13,1,1
203076,2021-22,-11,15,0,2
203076,2021-22,-11,16,0,3
203076,2021-22,-11,18,0,1
203076,2021-22,-11,19,2,2
203076,2021-22,-11,21,1,2
203076,2021-22,-11,31,0,1
203076,2021-22,-10,5,1,1
203076,2021-22,-10,6,0,1
203076,2021-22,-10,7,0,1
203076,2021-22,-10,14,0,1
203076,2021-22,-10,16,1,1
203076,2021-22,-10,17,1,1
203076,2021-22,-10,18,0,1
203076,2021-22,-10,19,1,1
203076,2021-22,-10,21,0,1
203076,2021-22,-10,22,1,1
203076,2021-22,-9,7,0,2
203076,2021-22,-9,9,2,3
203076,2021-22,-9,12,1,1
203076,2021-22,-9,13,0,1
203076,2021-22,-9,16,0,1
203076,2021-22,-9,18,1,1
203076,2021-22,-9,19,1,1
203076,2021-22,-9,23,0,1
203076,2021-22,-9,29,1,1
203076,2021-22,-9,30,0,1
203076,2021-22,-9,31,0,1
203076,2021-22,-8,4,1,1
203076,2021-22,-8,5,0,2
203076,2021-22,-8,7,1,1
203076,2021-22,-8,13,0,1
203076,2021-22,-8,19,0,1
203076,2021-22,-8,20,0,1
203076,2021-22,-8,21,0,1
203076,2021-22,-8,29,0,1
203076,2021-22,-7,6,0,1
203076,2021-22,-7,7,1,1
203076,2021-22,-7,9,0,1
203076,2021-22,-7,10,0,1
203076,2021-22,-7,11,1,1
203076,2021-22,-7,13,1,1
203076,2021-22,-7,22,0,1
203076,2021-22,-7,23,0,1
203076,2021-22,-7,28,0,1
203076,2021-22,-6,6,2,2
203076,2021-22,-6,17,0,1
203076,2021-22,-6,18,1,3
203076,2021-22,-6,22,1,1
203076,2021-22,-6,23,0,1
203076,2021-22,-6,25,0,1
203076,2021-22,-5,5,0,1
203076,2021-22,-5,13,1,4
203076,2021-22,-5,15,1,1
203076,2021-22,-5,18,0,1
203076,2021-22,-5,19,0,2
203076,2021-22,-5,20,1,1
203076,2021-22,-5,21,1,1
203076,2021-22,-5,22,0,2
203076,2021-22,-4,5,0,1
203076,2021-22,-4,6,1,1
203076,2021-22,-4,7,0,1
203076,2021-22,-4,8,0,1
203076,2021-22,-4,9,0,1
203076,2021-22,-4,10,1,1
203076,2021-22,-4,11,0,1
203076,2021-22,-4,12,0,1
203076,2021-22,-4,15,0,1
203076,2021-22,-4,16,0,2
203076,2021-22,-4,18,0,3
203076,2021-22,-4,21,1,1
203076,2021-22,-4,23,1,1
203076,2021-22,-4,24,1,1
203076,2021-22,-4,26,1,1
203076,2021-22,-4,29,0,1
203076,2021-22,-3,5,2,2
203076,2021-22,-3,6,3,6
203076,2021-22,-3,8,0,1
203076,2021-22,-3,9,0,1
203076,2021-22,-3,10,2,2
203076,2021-22,-3,11,0,1
203076,2021-22,-3,12,0,1
203076,2021-22,-3,13,0,1
203076,2021-22,-3,21,1,2
203076,2021-22,-3,23,0,1
203076,2021-22,-3,24,0,1
203076,2021-22,-2,5,3,3
203076,2021-22,-2,6,3,8
203076,2021-22,-2,7,3,4
203076,2021-22,-2,8,0,1
203076,2021-22,-2,9,2,3
203076,2021-22,-2,10,0,2
203076,2021-22,-2,14,0,1
203076,2021-22,-2,16,0,1
203076,2021-22,-2,17,0,1
203076,2021-22,-2,19,0,1
203076,2021-22,-2,20,0,1
203076,2021-22,-2,21,0,1
203076,2021-22,-2,22,1,3
203076,2021-22,-2,23,1,1
203076,2021-22,-2,30,0,2
203076,2021-22,-2,31,0,1
203076,2021-22,-1,5,6,10
203076,2021-22,-1,6,16,18
203076,2021-22,-1,7,7,8
203076,2021-22,-1,8,4,9
203076,2021-22,-1,9,1,2
203076,2021-22,-1,13,0,1
203076,2021-22,-1,15,0,1
203076,2021-22,-1,17,1,1
203076,2021-22,-1,18,1,1
203076,2021-22,-1,21,0,1
203076,2021-22,-1,23,1,1
203076,2021-22,0,5,64,83
203076,2021-22,0,6,52,60
203076,2021-22,0,7,34,41
203076,2021-22,0,8,8,13
203076,2021-22,0,9,4,7
203076,2021-22,0,10,5,6
203076,2021-22,0,11,2,2
203076,2021-22,0,12,2,5
203076,2021-22,0,14,3,3
203076,2021-22,0,15,2,4
203076,2021-22,0,16,1,1
203076,2021-22,0,17,1,1
203076,2021-22,0,19,0,1
203076,2021-22,0,20,1,1
203076,2021-22,0,21,2,3
203076,2021-22,0,24,2,5
203076,2021-22,0,25,0,1
203076,2021-22,0,26,1,1
203076,2021-22,0,30,0,2
203076,2021-22,0,31,0,1
203076,2021-22,1,5,3,3
203076,2021-22,1,6,9,13
203076,2021-22,1,7,4,6
203076,2021-22,1,8,2,3
203076,2021-22,1,9,1,2
203076,2021-22,1,10,1,3
203076,2021-22,1,12,0,1
203076,2021-22,1,22,0,1
203076,2021-22,1,24,1,1
203076,2021-22,1,25,0,1
203076,2021-22,1,27,0,1
203076,2021-22,1,31,0,1
203076,2021-22,2,5,3,3
203076,2021-22,2,6,6,9
203076,2021-22,2,7,3,4
203076,2021-22,2,9,1,2
203076,2021-22,2,10,0,2
203076,2021-22,2,16,0,1
203076,2021-22,2,19,1,1
203076,2021-22,2,22,0,2
203076,2021-22,2,25,0,1
203076,2021-22,2,31,0,2
203076,2021-22,3,6,0,2
203076,2021-22,3,8,1,2
203076,2021-22,3,15,0,1
203076,2021-22,3,16,0,1
203076,2021-22,3,29,0,1
203076,2021-22,3,31,0,1
203076,2021-22,4,13,0,2
203076,2021-22,4,14,1,1
203076,2021-22,4,16,0,1
203076,2021-22,4,20,0,1
203076,2021-22,4,22,1,2
203076,2021-22,4,24,1,1
203076,2021-22,4,26,0,1
203076,2021-22,4,30,0,1
203076,2021-22,5,3,0,1
203076,2021-22,5,7,1,1
203076,2021-22,5,8,1,1
203076,2021-22,5,14,1,1
203076,2021-22,5,15,0,2
203076,2021-22,5,16,0,1
203076,2021-22,5,18,1,2
203076,2021-22,5,21,1,1
203076,2021-22,5,22,0,2
203076,2021-22,5,23,0,1
203076,2021-22,5,24,0,1
203076,2021-22,5,25,0,1
203076,2021-22,5,30,0,1
203076,2021-22,5,31,0,1
203076,2021-22,5,32,0,1
203076,2021-22,6,5,0,1
203076,2021-22,6,8,0,1
203076,2021-22,6,15,0,1
203076,2021-22,6,16,1,1
203076,2021-22,6,20,1,1
203076,2021-22,6,25,0,1
203076,2021-22,6,30,1,1
203076,2021-22,6,31,0,1
203076,2021-22,7,5,1,2
203076,2021-22,7,13,0,1
203076,2021-22,7,18,1,1
203076,2021-22,7,19,0,1
203076,2021-22,7,23,1,1
203076,2021-22,8,6,0,1
203076,2021-22,8,13,0,1
203076,2021-22,8,19,1,1
203076,2021-22,8,20,1,1
203076,2021-22,8,21,1,1
203076,2021-22,8,24,0,2
203076,2021-22,8,29,0,1
203076,2021-22,8,30,1,1
203076,2021-22,9,7,0,1
203076,2021-22,9,8,0,1
203076,2021-22,9,11,1,1
203076,2021-22,9,16,0,1
203076,2021-22,9,17,1,2
203076,2021-22,9,19,2,2
203076,2021-22,9,23,0,1
203076,2021-22,9,28,0,1
203076,2021-22,9,30,0,1
203076,2021-22,10,5,1,1
203076,2021-22,10,7,0,1
203076,2021-22,10,14,0,1
203076,2021-22,10,15,0,1
203076,2021-22,10,19,0,1
203076,2021-22,10,22,1,1
203076,2021-22,10,28,0,1
203076,2021-22,10,29,0,1
203076,2021-22,11,10,0,1
203076,2021-22,11,11,0,1
203076,2021-22,11,15,0,1
203076,2021-22,11,18,0,1
203076,2021-22,11,19,0,1
203076,2021-22,11,20,0,3
203076,2021-22,11,22,1,2
203076,2021-22,12,8,1,1
203076,2021-22,12,18,1,2
203076,2021-22,12,19,1,1
203076,2021-22,12,20,2,2
203076,2021-22,12,27,0,1
203076,2021-22,12,28,0,1
203076,2021-22,12,29,0,1
203076,2021-22,12,30,0,1
203076,2021-22,13,5,0,1
203076,2021-22,13,21,1,1
203076,2021-22,13,28,0,1
203076,2021-22,14,17,0,1
203076,2021-22,14,26,1,1
203076,2021-22,15,5,0,2
203076,2021-22,15,12,1,2
203076,2021-22,15,13,0,1
203076,2021-22,16,12,1,1
203076,2021-22,16,26,0,2
203076,2021-22,16,27,0,1
203076,2021-22,17,24,0,1
203076,2021-22,17,28,0,1
203076,2021-22,18,16,0,1
203076,2021-22,18,21,0,1
203076,2021-22,19,20,0,1
203076,2021-22,19,24,0,1
203076,2021-22,20,20,0,1
203076,2021-22,20,22,0,1
203076,2021-22,22,9,2,2
203076,2021-22,22,10,0,1
203076,2021-22,22,15,1,1
203076,2021-22,23,6,0,1
203076,2021-22,23,7,1,1
203076,2021-22,23,12,1,1
203076,2021-22,23,17,0,1
203076,2022-23,-23,5,0,1
203076,2022-23,-22,5,0,1
203076,2022-23,-22,8,0,1
203076,2022-23,-22,21,1,1
203076,2022-23,-17,8,0,1
203076,2022-23,-16,13,0,1
203076,2022-23,-15,6,1,1
203076,2022-23,-15,8,0,1
203076,2022-23,-15,14,1,1
203076,2022-23,-15,17,1,1
203076,2022-23,-15,26,0,1
203076,2022-23,-14,6,0,1
203076,2022-23,-14,12,1,1
203076,2022-23,-14,17,1,1
203076,2022-23,-14,27,0,1
203076,2022-23,-14,28,0,1
203076,2022-23,-13,5,1,1
203076,2022-23,-13,6,0,1
203076,2022-23,-13,8,1,1
203076,2022-23,-13,13,0,1
203076,2022-23,-13,14,0,1
203076,2022-23,-13,30,1,1
203076,2022-23,-12,9,0,1
203076,2022-23,-12,19,0,1
203076,2022-23,-12,22,0,1
203076,2022-23,-10,9,1,1
203076,2022-23,-10,10,1,1
203076,2022-23,-10,12,1,1
203076,2022-23,-10,28,0,1
203076,2022-23,-10,30,0,1
203076,2022-23,-9,6,0,1
203076,2022-23,-9,7,1,2
203076,2022-23,-9,9,0,1
203076,2022-23,-9,10,0,1
203076,2022-23,-9,13,1,1
203076,2022-23,-9,24,0,1
203076,2022-23,-8,9,0,2
203076,2022-23,-8,11,0,1
203076,2022-23,-8,19,2,2
203076,2022-23,-8,22,1,1
203076,2022-23,-8,23,0,1
203076,2022-23,-8,25,0,1
203076,2022-23,-8,31,0,1
203076,2022-23,-7,5,0,2
203076,2022-23,-7,9,1,1
203076,2022-23,-7,10,0,1
203076,2022-23,-7,12,1,2
203076,2022-23,-7,13,0,1
203076,2022-23,-7,18,1,1
203076,2022-23,-7,22,0,1
203076,2022-23,-7,23,0,1
203076,2022-23,-7,30,0,1
203076,2022-23,-6,9,1,1
203076,2022-23,-6,17,0,1
203076,2022-23,-6,23,1,1
203076,2022-23,-5,5,0,1
203076,2022-23,-5,6,0,1
203076,2022-23,-5,10,1,2
203076,2022-23,-5,14,0,1
203076,2022-23,-5,17,0,1
203076,2022-23,-5,32,0,1
203076,2022-23,-4,7,0,1
203076,2022-23,-4,8,0,1
203076,2022-23,-4,14,0,1
203076,2022-23,-4,20,1,1
203076,2022-23,-4,21,0,1
203076,2022-23,-3,5,3,4
203076,2022-23,-3,6,1,1
203076,2022-23,-3,7,2,2
203076,2022-23,-3,8,1,1
203076,2022-23,-3,10,2,2
203076,2022-23,-3,11,2,2
203076,2022-23,-3,15,1,2
203076,2022-23,-3,23,0,1
203076,2022-23,-3,27,1,1
203076,2022-23,-2,6,6,8
203076,2022-23,-2,8,1,5
203076,2022-23,-2,10,4,4
203076,2022-23,-2,11,1,1
203076,2022-23,-2,13,0,1
203076,2022-23,-2,16,1,1
203076,2022-23,-2,19,0,1
203076,2022-23,-2,21,1,1
203076,2022-23,-2,30,0,1
203076,2022-23,-1,5,7,8
203076,2022-23,-1,6,6,8
203076,2022-23,-1,7,4,5
203076,2022-23,-1,8,3,4
203076,2022-23,-1,9,1,2
203076,2022-23,-1,10,2,3
203076,2022-23,-1,11,1,3
203076,2022-23,-1,13,1,1
203076,2022-23,-1,14,0,1
203076,2022-23,-1,27,1,1
203076,2022-23,-1,31,1,2
203076,2022-23,0,5,60,68
203076,2022-23,0,6,21,26
203076,2022-23,0,7,21,27
203076,2022-23,0,8,12,17
203076,2022-23,0,9,3,5
203076,2022-23,0,10,2,4
203076,2022-23,0,11,3,3
203076,2022-23,0,12,2,5
203076,2022-23,0,13,1,3
203076,2022-23,0,14,1,1
203076,2022-23,0,15,0,1
203076,2022-23,0,17,0,1
203076,2022-23,0,18,0,1
203076,2022-23,0,24,0,1
203076,2022-23,0,30,0,1
203076,2022-23,0,31,0,2
203076,2022-23,1,5,5,8
203076,2022-23,1,6,4,5
203076,2022-23,1,7,3,4
203076,2022-23,1,8,3,4
203076,2022-23,1,9,0,2
203076,2022-23,1,10,1,2
203076,2022-23,1,13,2,2
203076,2022-23,1,15,1,1
203076,2022-23,2,5,0,2
203076,2022-23,2,6,1,2
203076,2022-23,2,7,1,4
203076,2022-23,2,8,1,2
203076,2022-23,2,9,1,1
203076,2022-23,2,10,0,1
203076,2022-23,2,11,0,2
203076,2022-23,2,13,1,2
203076,2022-23,2,15,1,1
203076,2022-23,2,19,0,1
203076,2022-23,2,21,1,1
203076,2022-23,2,23,1,1
203076,2022-23,2,24,0,1
203076,2022-23,2,30,0,2
203076,2022-23,3,5,0,1
203076,2022-23,3,7,0,5
203076,2022-23,3,8,1,2
203076,2022-23,3,10,0,1
203076,2022-23,3,11,0,1
203076,2022-23,4,6,0,1
203076,2022-23,4,7,1,1
203076,2022-23,4,11,1,1
203076,2022-23,4,13,0,1
203076,2022-23,4,15,0,1
203076,2022-23,4,20,0,1
203076,2022-23,5,8,0,1
203076,2022-23,5,10,0,2
203076,2022-23,5,13,0,1
203076,2022-23,5,21,0,1
203076,2022-23,5,30,0,1
203076,2022-23,5,31,2,2
203076,2022-23,6,10,1,1
203076,2022-23,6,12,1,1
203076,2022-23,6,19,1,2
203076,2022-23,7,16,0,2
203076,2022-23,7,29,1,1
203076,2022-23,8,23,0,2
203076,2022-23,8,24,0,1
203076,2022-23,9,8,1,1
203076,2022-23,9,18,0,1
203076,2022-23,10,17,0,1
203076,2022-23,10,20,0,1
203076,2022-23,11,11,1,1
203076,2022-23,11,12,1,1
203076,2022-23,12,9,1,1
203076,2022-23,12,17,0,2
203076,2022-23,12,27,1,1
203076,2022-23,12,29,0,1
203076,2022-23,13,4,1,1
203076,2022-23,13,13,0,1
203076,2022-23,14,9,0,1
203076,2022-23,14,10,0,1
203076,2022-23,14,19,1,1
203076,2022-23,15,7,1,1
203076,2022-23,15,20,0,1
203076,2022-23,19,10,1,1
203076,2022-23,20,18,0,1
203076,2022-23,23,8,1,1
203076,2022-23,23,9,0,1
203076,2022-23,23,12,1,1
