PLAYER_ID,SEASON_ID,LOC_X,LOC_Y,SHOT_MADE,SHOT_ATTEMPT
203944,2014-15,2,5,0,1
203944,2014-15,6,20,0,1
203944,2014-15,9,7,1,1
203944,2015-16,-24,5,0,1
203944,2015-16,-23,5,0,1
203944,2015-16,-22,16,0,1
203944,2015-16,-20,4,1,1
203944,2015-16,-20,19,1,1
203944,2015-16,-19,3,0,1
203944,2015-16,-19,4,0,2
203944,2015-16,-19,21,0,1
203944,2015-16,-18,6,0,1
203944,2015-16,-18,14,1,1
203944,2015-16,-18,21,0,1
203944,2015-16,-17,12,0,1
203944,2015-16,-17,16,1,1
203944,2015-16,-16,27,1,1
203944,2015-16,-15,4,0,1
203944,2015-16,-15,8,0,1
203944,2015-16,-15,15,0,1
203944,2015-16,-15,20,0,1
203944,2015-16,-15,23,0,1
203944,2015-16,-14,9,0,1
203944,2015-16,-14,19,0,1
203944,2015-16,-14,20,0,1
203944,2015-16,-14,24,1,1
203944,2015-16,-14,26,0,1
203944,2015-16,-13,4,0,1
203944,2015-16,-13,9,0,1
203944,2015-16,-13,15,0,1
203944,2015-16,-13,16,0,1
203944,2015-16,-13,17,0,2
203944,2015-16,-13,18,0,1
203944,2015-16,-13,21,0,1
203944,2015-16,-13,22,0,1
203944,2015-16,-13,26,1,2
203944,2015-16,-12,19,1,1
203944,2015-16,-12,21,0,1
203944,2015-16,-11,5,1,1
203944,2015-16,-11,8,0,1
203944,2015-16,-11,14,0,1
203944,2015-16,-11,15,0,1
203944,2015-16,-11,16,0,1
203944,2015-16,-11,18,1,2
203944,2015-16,-11,20,0,1
203944,2015-16,-11,22,0,1
203944,2015-16,-10,6,0,1
203944,2015-16,-10,8,1,1
203944,2015-16,-10,11,0,1
203944,2015-16,-10,22,0,1
203944,2015-16,-9,8,0,1
203944,2015-16,-9,19,1,1
203944,2015-16,-9,20,0,1
203944,2015-16,-9,22,1,1
203944,2015-16,-9,23,1,1
203944,2015-16,-9,30,0,1
203944,2015-16,-8,7,0,2
203944,2015-16,-8,16,0,1
203944,2015-16,-8,18,0,1
203944,2015-16,-8,20,0,1
203944,2015-16,-8,21,0,1
203944,2015-16,-8,22,0,1
203944,2015-16,-8,28,1,1
203944,2015-16,-7,5,1,1
203944,2015-16,-7,6,1,4
203944,2015-16,-7,7,0,1
203944,2015-16,-7,8,2,2
203944,2015-16,-7,9,0,1
203944,2015-16,-7,13,1,2
203944,2015-16,-7,17,0,1
203944,2015-16,-7,19,1,1
203944,2015-16,-7,21,1,3
203944,2015-16,-7,22,0,1
203944,2015-16,-7,25,0,1
203944,2015-16,-6,5,0,1
203944,2015-16,-6,6,1,1
203944,2015-16,-6,8,0,1
203944,2015-16,-6,9,0,1
203944,2015-16,-6,10,1,3
203944,2015-16,-6,11,1,1
203944,2015-16,-6,13,0,1
203944,2015-16,-6,14,1,1
203944,2015-16,-6,18,0,1
203944,2015-16,-6,19,0,1
203944,2015-16,-6,20,0,1
203944,2015-16,-6,23,0,1
203944,2015-16,-6,26,1,1
203944,2015-16,-5,5,0,1
203944,2015-16,-5,6,2,3
203944,2015-16,-5,7,0,1
203944,2015-16,-5,10,0,3
203944,2015-16,-5,11,0,1
203944,2015-16,-5,22,0,1
203944,2015-16,-5,24,1,3
203944,2015-16,-4,5,1,2
203944,2015-16,-4,6,0,2
203944,2015-16,-4,7,1,3
203944,2015-16,-4,8,0,2
203944,2015-16,-4,9,2,3
203944,2015-16,-4,10,0,2
203944,2015-16,-4,11,1,4
203944,2015-16,-4,12,1,1
203944,2015-16,-4,14,1,2
203944,2015-16,-4,18,0,1
203944,2015-16,-4,21,0,1
203944,2015-16,-4,23,0,1
203944,2015-16,-4,24,0,2
203944,2015-16,-4,25,0,1
203944,2015-16,-4,29,1,1
203944,2015-16,-4,30,0,1
203944,2015-16,-3,5,1,4
203944,2015-16,-3,6,1,3
203944,2015-16,-3,7,1,3
203944,2015-16,-3,8,2,2
203944,2015-16,-3,9,0,1
203944,2015-16,-3,11,0,2
203944,2015-16,-3,14,1,1
203944,2015-16,-3,15,1,1
203944,2015-16,-3,23,0,1
203944,2015-16,-3,25,1,4
203944,2015-16,-2,5,12,19
203944,2015-16,-2,6,6,10
203944,2015-16,-2,7,3,4
203944,2015-16,-2,8,1,5
203944,2015-16,-2,9,0,2
203944,2015-16,-2,11,0,1
203944,2015-16,-2,15,1,2
203944,2015-16,-2,20,1,1
203944,2015-16,-2,22,1,1
203944,2015-16,-2,32,0,1
203944,2015-16,-1,5,21,39
203944,2015-16,-1,6,5,18
203944,2015-16,-1,7,2,7
203944,2015-16,-1,8,3,5
203944,2015-16,-1,9,1,2
203944,2015-16,-1,10,2,4
203944,2015-16,-1,11,1,1
203944,2015-16,-1,12,2,3
203944,2015-16,-1,14,1,2
203944,2015-16,-1,17,1,1
203944,2015-16,-1,24,0,1
203944,2015-16,-1,26,0,1
203944,2015-16,-1,29,1,1
203944,2015-16,-1,30,1,2
203944,2015-16,0,4,1,1
203944,2015-16,0,5,115,154
203944,2015-16,0,6,19,55
203944,2015-16,0,7,13,28
203944,2015-16,0,8,6,20
203944,2015-16,0,9,4,9
203944,2015-16,0,10,1,5
203944,2015-16,0,11,1,4
203944,2015-16,0,12,2,2
203944,2015-16,0,13,1,3
203944,2015-16,0,14,3,6
203944,2015-16,0,15,1,3
203944,2015-16,0,16,0,1
203944,2015-16,0,17,0,1
203944,2015-16,0,18,1,2
203944,2015-16,0,20,1,2
203944,2015-16,0,21,0,1
203944,2015-16,0,22,1,2
203944,2015-16,0,26,1,1
203944,2015-16,0,30,0,2
203944,2015-16,1,4,1,1
203944,2015-16,1,5,13,22
203944,2015-16,1,6,12,28
203944,2015-16,1,7,2,6
203944,2015-16,1,8,1,3
203944,2015-16,1,9,1,5
203944,2015-16,1,10,0,2
203944,2015-16,1,12,0,1
203944,2015-16,1,15,0,3
203944,2015-16,1,23,0,2
203944,2015-16,1,24,1,1
203944,2015-16,2,5,4,9
203944,2015-16,2,6,0,1
203944,2015-16,2,7,0,2
203944,2015-16,2,8,1,1
203944,2015-16,2,9,2,2
203944,2015-16,2,10,1,1
203944,2015-16,2,12,1,1
203944,2015-16,2,14,0,2
203944,2015-16,2,16,0,1
203944,2015-16,2,19,0,1
203944,2015-16,2,24,0,1
203944,2015-16,2,25,0,1
203944,2015-16,2,29,0,2
203944,2015-16,3,4,0,1
203944,2015-16,3,5,1,2
203944,2015-16,3,6,0,5
203944,2015-16,3,7,1,2
203944,2015-16,3,8,2,3
203944,2015-16,3,10,0,2
203944,2015-16,3,11,0,1
203944,2015-16,3,12,1,1
203944,2015-16,3,17,0,1
203944,2015-16,3,21,1,2
203944,2015-16,4,7,1,2
203944,2015-16,4,9,0,2
203944,2015-16,4,10,0,1
203944,2015-16,4,13,0,1
203944,2015-16,4,16,1,2
203944,2015-16,4,19,0,1
203944,2015-16,4,20,0,1
203944,2015-16,4,21,1,2
203944,2015-16,4,23,1,2
203944,2015-16,4,25,0,1
203944,2015-16,5,5,0,1
203944,2015-16,5,7,1,1
203944,2015-16,5,8,1,2
203944,2015-16,5,9,1,1
203944,2015-16,5,10,1,2
203944,2015-16,5,12,0,1
203944,2015-16,5,13,0,1
203944,2015-16,5,18,1,1
203944,2015-16,5,19,0,1
203944,2015-16,5,21,0,1
203944,2015-16,5,22,1,2
203944,2015-16,5,24,0,1
203944,2015-16,5,25,0,1
203944,2015-16,5,30,0,1
203944,2015-16,6,5,0,1
203944,2015-16,6,7,1,4
203944,2015-16,6,8,0,1
203944,2015-16,6,9,1,1
203944,2015-16,6,10,0,1
203944,2015-16,6,17,1,1
203944,2015-16,6,23,0,1
203944,2015-16,6,25,0,1
203944,2015-16,6,28,0,1
203944,2015-16,7,8,1,2
203944,2015-16,7,10,0,1
203944,2015-16,7,16,0,1
203944,2015-16,7,19,1,1
203944,2015-16,7,22,0,1
203944,2015-16,7,23,0,2
203944,2015-16,8,13,0,1
203944,2015-16,8,14,1,1
203944,2015-16,8,19,0,1
203944,2015-16,8,21,1,2
203944,2015-16,9,8,0,1
203944,2015-16,9,10,0,1
203944,2015-16,9,11,0,1
203944,2015-16,9,17,0,1
203944,2015-16,9,18,0,1
203944,2015-16,9,19,1,1
203944,2015-16,9,20,0,1
203944,2015-16,9,21,0,2
203944,2015-16,9,30,1,1
203944,2015-16,10,16,0,1
203944,2015-16,10,18,0,1
203944,2015-16,10,19,2,2
203944,2015-16,10,22,1,1
203944,2015-16,10,27,0,1
203944,2015-16,11,7,0,1
203944,2015-16,11,8,0,1
203944,2015-16,11,13,0,1
203944,2015-16,11,16,0,1
203944,2015-16,11,17,0,2
203944,2015-16,11,18,1,3
203944,2015-16,11,21,0,1
203944,2015-16,11,23,1,1
203944,2015-16,11,26,0,1
203944,2015-16,12,11,0,1
203944,2015-16,12,15,0,1
203944,2015-16,12,16,0,1
203944,2015-16,12,19,1,2
203944,2015-16,12,23,1,1
203944,2015-16,13,10,0,1
203944,2015-16,13,14,0,1
203944,2015-16,13,18,0,3
203944,2015-16,13,22,0,1
203944,2015-16,13,26,1,1
203944,2015-16,14,12,0,1
203944,2015-16,14,15,0,1
203944,2015-16,14,16,1,1
203944,2015-16,14,25,0,1
203944,2015-16,15,4,0,1
203944,2015-16,15,5,0,1
203944,2015-16,15,7,0,1
203944,2015-16,15,8,0,1
203944,2015-16,15,12,0,1
203944,2015-16,15,18,0,1
203944,2015-16,16,5,0,1
203944,2015-16,16,17,0,1
203944,2015-16,16,18,1,1
203944,2015-16,16,23,0,1
203944,2015-16,16,25,0,1
203944,2015-16,17,23,0,1
203944,2015-16,18,5,0,1
203944,2015-16,18,18,0,1
203944,2015-16,19,14,0,1
203944,2015-16,22,6,0,1
203944,2015-16,23,12,0,1
203944,2016-17,-24,7,1,1
203944,2016-17,-22,5,0,1
203944,2016-17,-21,19,1,1
203944,2016-17,-19,8,0,1
203944,2016-17,-19,20,1,1
203944,2016-17,-19,21,0,1
203944,2016-17,-17,25,0,1
203944,2016-17,-16,19,1,1
203944,2016-17,-16,22,0,1
203944,2016-17,-16,24,0,1
203944,2016-17,-15,9,0,1
203944,2016-17,-15,13,1,1
203944,2016-17,-15,26,0,1
203944,2016-17,-13,5,0,1
203944,2016-17,-13,6,0,1
203944,2016-17,-13,8,1,1
203944,2016-17,-13,20,0,1
203944,2016-17,-12,5,0,1
203944,2016-17,-12,16,1,2
203944,2016-17,-12,19,2,2
203944,2016-17,-12,21,0,1
203944,2016-17,-12,26,1,1
203944,2016-17,-12,27,0,1
203944,2016-17,-11,12,0,1
203944,2016-17,-11,17,0,1
203944,2016-17,-11,21,0,1
203944,2016-17,-11,27,0,2
203944,2016-17,-10,7,1,1
203944,2016-17,-10,18,0,1
203944,2016-17,-10,21,0,1
203944,2016-17,-10,27,0,1
203944,2016-17,-10,28,0,1
203944,2016-17,-9,5,0,1
203944,2016-17,-9,9,1,1
203944,2016-17,-9,10,0,1
203944,2016-17,-9,12,0,1
203944,2016-17,-9,20,0,1
203944,2016-17,-9,22,0,1
203944,2016-17,-9,23,0,1
203944,2016-17,-9,28,1,1
203944,2016-17,-8,7,1,1
203944,2016-17,-8,8,1,1
203944,2016-17,-8,12,0,1
203944,2016-17,-8,21,1,1
203944,2016-17,-8,28,0,1
203944,2016-17,-8,29,0,1
203944,2016-17,-7,6,0,1
203944,2016-17,-7,7,3,3
203944,2016-17,-7,8,0,4
203944,2016-17,-7,9,1,3
203944,2016-17,-7,11,0,1
203944,2016-17,-7,20,1,1
203944,2016-17,-7,22,1,1
203944,2016-17,-7,24,0,1
203944,2016-17,-6,5,0,1
203944,2016-17,-6,6,0,1
203944,2016-17,-6,7,0,1
203944,2016-17,-6,8,1,1
203944,2016-17,-6,14,1,1
203944,2016-17,-6,15,1,1
203944,2016-17,-6,17,0,1
203944,2016-17,-6,22,0,1
203944,2016-17,-6,29,1,2
203944,2016-17,-5,5,0,2
203944,2016-17,-5,6,1,2
203944,2016-17,-5,8,1,2
203944,2016-17,-5,11,0,1
203944,2016-17,-5,12,0,1
203944,2016-17,-5,13,0,1
203944,2016-17,-5,14,0,2
203944,2016-17,-5,15,0,1
203944,2016-17,-5,19,1,1
203944,2016-17,-5,21,1,1
203944,2016-17,-5,22,0,2
203944,2016-17,-5,26,0,1
203944,2016-17,-5,29,0,1
203944,2016-17,-4,5,1,4
203944,2016-17,-4,6,1,3
203944,2016-17,-4,7,1,2
203944,2016-17,-4,8,0,1
203944,2016-17,-4,9,1,4
203944,2016-17,-4,12,0,3
203944,2016-17,-4,13,0,1
203944,2016-17,-4,16,0,1
203944,2016-17,-4,17,0,1
203944,2016-17,-4,31,0,1
203944,2016-17,-3,5,1,5
203944,2016-17,-3,6,2,3
203944,2016-17,-3,7,1,2
203944,2016-17,-3,8,1,5
203944,2016-17,-3,9,1,3
203944,2016-17,-3,10,1,3
203944,2016-17,-3,11,1,2
203944,2016-17,-3,13,1,2
203944,2016-17,-3,25,0,2
203944,2016-17,-2,5,23,35
203944,2016-17,-2,6,3,10
203944,2016-17,-2,7,4,10
203944,2016-17,-2,8,2,3
203944,2016-17,-2,9,3,3
203944,2016-17,-2,10,1,2
203944,2016-17,-2,11,1,2
203944,2016-17,-2,12,1,3
203944,2016-17,-2,13,1,2
203944,2016-17,-2,31,0,1
203944,2016-17,-1,4,1,1
203944,2016-17,-1,5,20,35
203944,2016-17,-1,6,13,22
203944,2016-17,-1,7,9,13
203944,2016-17,-1,8,1,3
203944,2016-17,-1,9,2,7
203944,2016-17,-1,10,2,4
203944,2016-17,-1,11,2,2
203944,2016-17,-1,12,1,3
203944,2016-17,-1,13,2,3
203944,2016-17,-1,14,0,1
203944,2016-17,-1,16,1,1
203944,2016-17,-1,18,1,1
203944,2016-17,-1,20,1,1
203944,2016-17,-1,21,0,1
203944,2016-17,-1,25,0,1
203944,2016-17,-1,29,0,2
203944,2016-17,-1,31,0,1
203944,2016-17,0,4,1,1
203944,2016-17,0,5,101,123
203944,2016-17,0,6,24,46
203944,2016-17,0,7,7,12
203944,2016-17,0,8,6,16
203944,2016-17,0,9,6,15
203944,2016-17,0,10,4,7
203944,2016-17,0,11,3,7
203944,2016-17,0,12,2,5
203944,2016-17,0,13,0,4
203944,2016-17,0,14,3,7
203944,2016-17,0,15,0,1
203944,2016-17,0,16,1,1
203944,2016-17,0,18,1,1
203944,2016-17,0,19,1,1
203944,2016-17,0,21,1,1
203944,2016-17,0,27,0,1
203944,2016-17,0,29,0,2
203944,2016-17,0,30,0,2
203944,2016-17,1,5,5,10
203944,2016-17,1,6,7,14
203944,2016-17,1,7,3,8
203944,2016-17,1,8,3,3
203944,2016-17,1,9,3,3
203944,2016-17,1,10,2,7
203944,2016-17,1,11,1,1
203944,2016-17,1,12,0,1
203944,2016-17,1,14,0,1
203944,2016-17,1,15,2,3
203944,2016-17,1,18,1,1
203944,2016-17,1,22,1,1
203944,2016-17,1,23,0,1
203944,2016-17,1,24,1,1
203944,2016-17,1,25,1,1
203944,2016-17,1,27,1,1
203944,2016-17,1,29,0,2
203944,2016-17,1,30,0,1
203944,2016-17,2,5,2,7
203944,2016-17,2,6,2,7
203944,2016-17,2,7,0,1
203944,2016-17,2,8,1,2
203944,2016-17,2,9,0,3
203944,2016-17,2,10,1,1
203944,2016-17,2,11,0,1
203944,2016-17,2,14,1,1
203944,2016-17,2,15,1,1
203944,2016-17,2,19,1,1
203944,2016-17,2,29,0,1
203944,2016-17,2,30,1,1
203944,2016-17,3,5,1,5
203944,2016-17,3,6,0,2
203944,2016-17,3,7,0,2
203944,2016-17,3,8,1,3
203944,2016-17,3,9,0,2
203944,2016-17,3,10,2,2
203944,2016-17,3,11,0,1
203944,2016-17,3,12,0,2
203944,2016-17,3,15,0,1
203944,2016-17,3,18,1,1
203944,2016-17,3,21,0,1
203944,2016-17,3,29,1,1
203944,2016-17,3,30,0,2
203944,2016-17,4,5,0,1
203944,2016-17,4,8,0,1
203944,2016-17,4,9,1,1
203944,2016-17,4,10,0,1
203944,2016-17,4,11,0,1
203944,2016-17,4,20,1,1
203944,2016-17,5,6,2,2
203944,2016-17,5,7,1,1
203944,2016-17,5,10,1,3
203944,2016-17,5,17,0,2
203944,2016-17,5,18,1,1
203944,2016-17,5,23,0,1
203944,2016-17,5,24,0,1
203944,2016-17,5,28,0,1
203944,2016-17,5,30,1,1
203944,2016-17,6,4,0,1
203944,2016-17,6,5,0,1
203944,2016-17,6,6,0,1
203944,2016-17,6,7,0,1
203944,2016-17,6,10,1,1
203944,2016-17,6,12,0,2
203944,2016-17,6,21,2,2
203944,2016-17,6,29,1,2
203944,2016-17,7,6,0,1
203944,2016-17,7,9,1,2
203944,2016-17,7,10,0,1
203944,2016-17,7,11,0,1
203944,2016-17,7,17,1,1
203944,2016-17,7,21,0,2
203944,2016-17,7,23,0,1
203944,2016-17,8,6,0,2
203944,2016-17,8,8,1,1
203944,2016-17,8,17,1,1
203944,2016-17,8,18,1,1
203944,2016-17,8,20,0,1
203944,2016-17,8,27,2,2
203944,2016-17,8,28,0,2
203944,2016-17,9,4,1,1
203944,2016-17,9,7,0,1
203944,2016-17,9,13,0,1
203944,2016-17,9,17,0,1
203944,2016-17,9,18,0,1
203944,2016-17,9,19,1,1
203944,2016-17,9,21,0,1
203944,2016-17,10,5,0,1
203944,2016-17,10,19,0,1
203944,2016-17,10,21,0,1
203944,2016-17,11,3,1,1
203944,2016-17,11,16,0,1
203944,2016-17,11,17,0,1
203944,2016-17,11,21,0,1
203944,2016-17,11,25,1,1
203944,2016-17,12,8,1,1
203944,2016-17,12,18,0,2
203944,2016-17,12,20,1,1
203944,2016-17,12,25,0,1
203944,2016-17,12,26,0,2
203944,2016-17,13,12,0,1
203944,2016-17,13,18,1,1
203944,2016-17,13,24,0,1
203944,2016-17,13,25,0,1
203944,2016-17,13,28,1,2
203944,2016-17,14,7,0,1
203944,2016-17,14,12,0,1
203944,2016-17,14,42,0,1
203944,2016-17,15,15,0,1
203944,2016-17,15,17,0,1
203944,2016-17,15,24,1,1
203944,2016-17,15,26,0,2
203944,2016-17,16,6,0,1
203944,2016-17,16,17,1,1
203944,2016-17,16,24,0,1
203944,2016-17,17,35,0,1
203944,2016-17,18,9,0,1
203944,2016-17,18,16,0,1
203944,2016-17,19,21,1,1
203944,2016-17,20,20,0,1
203944,2016-17,22,11,0,1
203944,2016-17,23,7,1,1
203944,2017-18,-23,9,1,2
203944,2017-18,-22,6,1,1
203944,2017-18,-18,12,0,1
203944,2017-18,-16,24,0,1
203944,2017-18,-15,8,0,1
203944,2017-18,-15,12,0,1
203944,2017-18,-15,18,0,1
203944,2017-18,-15,24,0,1
203944,2017-18,-15,26,0,1
203944,2017-18,-14,11,0,1
203944,2017-18,-14,25,0,1
203944,2017-18,-14,26,1,1
203944,2017-18,-13,8,0,1
203944,2017-18,-13,12,1,2
203944,2017-18,-13,22,1,1
203944,2017-18,-13,27,0,1
203944,2017-18,-12,9,0,1
203944,2017-18,-12,20,1,1
203944,2017-18,-11,8,1,1
203944,2017-18,-11,9,1,1
203944,2017-18,-11,16,0,1
203944,2017-18,-11,20,0,1
203944,2017-18,-11,28,0,2
203944,2017-18,-10,11,0,1
203944,2017-18,-10,28,0,1
203944,2017-18,-9,5,1,1
203944,2017-18,-9,8,1,1
203944,2017-18,-9,12,0,1
203944,2017-18,-9,20,0,1
203944,2017-18,-9,28,0,1
203944,2017-18,-9,29,1,1
203944,2017-18,-8,5,1,2
203944,2017-18,-8,6,1,2
203944,2017-18,-8,20,1,1
203944,2017-18,-8,22,0,1
203944,2017-18,-8,28,0,2
203944,2017-18,-8,29,0,1
203944,2017-18,-8,31,1,1
203944,2017-18,-7,5,0,1
203944,2017-18,-7,6,1,1
203944,2017-18,-7,7,0,2
203944,2017-18,-7,10,1,1
203944,2017-18,-7,23,0,1
203944,2017-18,-7,29,0,1
203944,2017-18,-6,5,2,2
203944,2017-18,-6,6,1,1
203944,2017-18,-6,7,0,1
203944,2017-18,-6,8,0,1
203944,2017-18,-6,9,1,2
203944,2017-18,-6,11,0,1
203944,2017-18,-6,13,0,1
203944,2017-18,-6,23,0,1
203944,2017-18,-5,5,0,3
203944,2017-18,-5,6,3,4
203944,2017-18,-5,7,3,3
203944,2017-18,-5,9,0,2
203944,2017-18,-5,14,0,1
203944,2017-18,-5,17,0,1
203944,2017-18,-4,5,0,1
203944,2017-18,-4,6,2,5
203944,2017-18,-4,7,1,8
203944,2017-18,-4,8,4,7
203944,2017-18,-4,9,0,3
203944,2017-18,-4,10,1,3
203944,2017-18,-4,11,1,1
203944,2017-18,-4,13,0,1
203944,2017-18,-4,17,0,1
203944,2017-18,-4,20,1,1
203944,2017-18,-4,24,1,1
203944,2017-18,-4,26,0,1
203944,2017-18,-3,5,0,3
203944,2017-18,-3,6,3,6
203944,2017-18,-3,7,1,6
203944,2017-18,-3,8,1,4
203944,2017-18,-3,9,1,1
203944,2017-18,-3,10,1,1
203944,2017-18,-3,14,1,1
203944,2017-18,-3,17,0,1
203944,2017-18,-3,31,0,2
203944,2017-18,-2,5,3,6
203944,2017-18,-2,6,9,17
203944,2017-18,-2,7,3,6
203944,2017-18,-2,8,1,4
203944,2017-18,-2,9,0,4
203944,2017-18,-2,10,1,4
203944,2017-18,-2,11,2,4
203944,2017-18,-2,13,0,1
203944,2017-18,-2,15,0,1
203944,2017-18,-2,25,0,1
203944,2017-18,-2,27,0,1
203944,2017-18,-2,31,1,1
203944,2017-18,-1,5,13,21
203944,2017-18,-1,6,33,45
203944,2017-18,-1,7,16,31
203944,2017-18,-1,8,6,13
203944,2017-18,-1,9,1,5
203944,2017-18,-1,10,2,7
203944,2017-18,-1,11,0,2
203944,2017-18,-1,12,0,1
203944,2017-18,-1,13,1,2
203944,2017-18,-1,14,0,1
203944,2017-18,-1,24,0,1
203944,2017-18,-1,25,0,1
203944,2017-18,-1,32,0,1
203944,2017-18,0,5,103,118
203944,2017-18,0,6,105,131
203944,2017-18,0,7,65,96
203944,2017-18,0,8,13,30
203944,2017-18,0,9,7,14
203944,2017-18,0,10,3,12
203944,2017-18,0,11,3,11
203944,2017-18,0,12,2,6
203944,2017-18,0,13,5,10
203944,2017-18,0,14,1,3
203944,2017-18,0,15,1,2
203944,2017-18,0,16,1,1
203944,2017-18,0,18,0,1
203944,2017-18,0,22,1,2
203944,2017-18,0,25,0,1
203944,2017-18,0,33,1,1
203944,2017-18,1,5,5,11
203944,2017-18,1,6,6,11
203944,2017-18,1,7,7,12
203944,2017-18,1,8,0,5
203944,2017-18,1,9,2,3
203944,2017-18,1,10,2,2
203944,2017-18,1,11,1,2
203944,2017-18,1,12,1,3
203944,2017-18,1,13,1,1
203944,2017-18,1,16,0,1
203944,2017-18,1,18,1,1
203944,2017-18,1,24,0,1
203944,2017-18,1,25,0,1
203944,2017-18,1,31,1,1
203944,2017-18,2,5,2,3
203944,2017-18,2,6,4,8
203944,2017-18,2,7,3,4
203944,2017-18,2,8,0,2
203944,2017-18,2,9,1,1
203944,2017-18,2,11,0,2
203944,2017-18,2,13,0,2
203944,2017-18,2,15,1,1
203944,2017-18,2,19,1,1
203944,2017-18,2,21,0,1
203944,2017-18,2,25,0,1
203944,2017-18,3,4,0,1
203944,2017-18,3,6,1,2
203944,2017-18,3,7,1,2
203944,2017-18,3,10,0,1
203944,2017-18,3,11,1,3
203944,2017-18,3,12,1,3
203944,2017-18,3,13,1,2
203944,2017-18,3,15,1,1
203944,2017-18,3,19,0,1
203944,2017-18,3,22,1,1
203944,2017-18,3,29,0,1
203944,2017-18,4,7,0,1
203944,2017-18,4,8,0,1
203944,2017-18,4,9,0,1
203944,2017-18,4,17,0,1
203944,2017-18,4,19,0,1
203944,2017-18,4,25,0,1
203944,2017-18,4,29,1,1
203944,2017-18,5,6,0,1
203944,2017-18,5,12,0,1
203944,2017-18,5,19,0,1
203944,2017-18,6,7,0,1
203944,2017-18,6,8,0,1
203944,2017-18,6,19,0,1
203944,2017-18,6,25,0,1
203944,2017-18,6,30,0,1
203944,2017-18,7,14,0,1
203944,2017-18,7,25,0,1
203944,2017-18,7,31,0,1
203944,2017-18,8,19,0,1
203944,2017-18,8,21,0,1
203944,2017-18,9,15,0,1
203944,2017-18,9,28,0,1
203944,2017-18,9,30,1,2
203944,2017-18,10,22,0,1
203944,2017-18,10,25,1,1
203944,2017-18,10,28,0,2
203944,2017-18,11,14,1,1
203944,2017-18,11,22,1,1
203944,2017-18,11,28,0,1
203944,2017-18,11,29,0,1
203944,2017-18,12,19,0,1
203944,2017-18,12,27,0,1
203944,2017-18,13,8,0,1
203944,2017-18,13,10,1,1
203944,2017-18,13,19,1,2
203944,2017-18,13,46,0,1
203944,2017-18,14,5,0,1
203944,2017-18,14,18,1,1
203944,2017-18,14,26,0,1
203944,2017-18,15,12,0,1
203944,2017-18,15,17,0,1
203944,2017-18,16,19,1,1
203944,2017-18,16,24,0,1
203944,2017-18,17,9,0,1
203944,2017-18,22,5,0,1
203944,2017-18,22,8,0,1
203944,2017-18,23,18,0,1
203944,2018-19,-24,2,0,1
203944,2018-19,-24,4,0,1
203944,2018-19,-23,5,2,4
203944,2018-19,-23,6,1,2
203944,2018-19,-23,7,1,1
203944,2018-19,-23,8,1,1
203944,2018-19,-23,9,0,2
203944,2018-19,-22,5,1,4
203944,2018-19,-22,6,1,1
203944,2018-19,-22,7,1,3
203944,2018-19,-22,8,0,1
203944,2018-19,-22,13,0,1
203944,2018-19,-21,18,0,1
203944,2018-19,-21,19,1,1
203944,2018-19,-21,21,1,1
203944,2018-19,-21,22,0,1
203944,2018-19,-20,18,0,2
203944,2018-19,-20,19,1,2
203944,2018-19,-20,20,0,1
203944,2018-19,-19,5,0,1
203944,2018-19,-19,19,0,1
203944,2018-19,-19,21,0,1
203944,2018-19,-18,22,1,2
203944,2018-19,-17,19,0,1
203944,2018-19,-17,22,1,2
203944,2018-19,-17,23,1,1
203944,2018-19,-17,24,1,1
203944,2018-19,-16,24,0,2
203944,2018-19,-16,25,2,3
203944,2018-19,-16,26,2,2
203944,2018-19,-15,24,1,2
203944,2018-19,-15,25,2,3
203944,2018-19,-15,26,1,3
203944,2018-19,-14,25,0,1
203944,2018-19,-14,26,0,1
203944,2018-19,-13,20,2,3
203944,2018-19,-13,27,1,2
203944,2018-19,-13,28,0,1
203944,2018-19,-12,5,0,1
203944,2018-19,-12,7,0,1
203944,2018-19,-12,22,1,1
203944,2018-19,-12,23,1,1
203944,2018-19,-12,26,1,3
203944,2018-19,-12,27,0,2
203944,2018-19,-12,28,0,1
203944,2018-19,-12,30,0,2
203944,2018-19,-11,21,0,1
203944,2018-19,-11,27,0,2
203944,2018-19,-11,28,0,1
203944,2018-19,-10,24,1,1
203944,2018-19,-10,27,1,4
203944,2018-19,-10,28,2,2
203944,2018-19,-9,9,0,1
203944,2018-19,-9,19,1,1
203944,2018-19,-9,28,0,2
203944,2018-19,-9,29,0,1
203944,2018-19,-8,5,0,1
203944,2018-19,-8,8,0,2
203944,2018-19,-8,18,0,1
203944,2018-19,-8,21,0,1
203944,2018-19,-8,23,1,1
203944,2018-19,-8,28,0,1
203944,2018-19,-8,29,2,2
203944,2018-19,-7,5,0,2
203944,2018-19,-7,9,0,1
203944,2018-19,-7,10,0,1
203944,2018-19,-7,12,0,1
203944,2018-19,-7,13,1,1
203944,2018-19,-7,23,0,1
203944,2018-19,-7,28,1,1
203944,2018-19,-7,30,0,2
203944,2018-19,-7,32,0,1
203944,2018-19,-6,4,0,1
203944,2018-19,-6,6,0,1
203944,2018-19,-6,7,0,2
203944,2018-19,-6,9,0,1
203944,2018-19,-6,10,1,1
203944,2018-19,-6,13,0,1
203944,2018-19,-6,15,0,1
203944,2018-19,-6,29,0,1
203944,2018-19,-6,30,0,2
203944,2018-19,-5,5,1,2
203944,2018-19,-5,7,5,7
203944,2018-19,-5,8,1,2
203944,2018-19,-5,10,0,1
203944,2018-19,-5,11,2,2
203944,2018-19,-5,12,2,3
203944,2018-19,-5,16,1,1
203944,2018-19,-5,19,1,1
203944,2018-19,-5,29,0,2
203944,2018-19,-4,5,0,1
203944,2018-19,-4,6,2,7
203944,2018-19,-4,7,2,3
203944,2018-19,-4,8,0,1
203944,2018-19,-4,10,0,1
203944,2018-19,-4,13,1,1
203944,2018-19,-4,14,1,2
203944,2018-19,-4,29,0,1
203944,2018-19,-4,30,1,1
203944,2018-19,-4,31,0,1
203944,2018-19,-3,5,4,10
203944,2018-19,-3,6,3,6
203944,2018-19,-3,7,1,5
203944,2018-19,-3,8,2,4
203944,2018-19,-3,9,0,1
203944,2018-19,-3,10,1,3
203944,2018-19,-3,11,1,1
203944,2018-19,-3,12,1,2
203944,2018-19,-3,14,1,2
203944,2018-19,-3,20,1,1
203944,2018-19,-3,28,0,1
203944,2018-19,-3,30,1,1
203944,2018-19,-3,31,1,1
203944,2018-19,-2,5,18,29
203944,2018-19,-2,6,12,22
203944,2018-19,-2,7,6,11
203944,2018-19,-2,8,4,6
203944,2018-19,-2,9,0,1
203944,2018-19,-2,10,2,3
203944,2018-19,-2,11,1,2
203944,2018-19,-2,14,0,3
203944,2018-19,-2,15,0,1
203944,2018-19,-2,16,2,4
203944,2018-19,-2,29,0,1
203944,2018-19,-2,30,1,2
203944,2018-19,-1,4,0,1
203944,2018-19,-1,5,52,70
203944,2018-19,-1,6,23,38
203944,2018-19,-1,7,5,11
203944,2018-19,-1,8,1,3
203944,2018-19,-1,9,1,4
203944,2018-19,-1,10,2,4
203944,2018-19,-1,11,2,3
203944,2018-19,-1,12,1,3
203944,2018-19,-1,13,2,3
203944,2018-19,-1,14,0,2
203944,2018-19,-1,15,2,3
203944,2018-19,-1,17,0,1
203944,2018-19,-1,21,0,1
203944,2018-19,-1,29,0,1
203944,2018-19,-1,30,1,1
203944,2018-19,-1,31,1,2
203944,2018-19,0,4,1,1
203944,2018-19,0,5,101,120
203944,2018-19,0,6,61,77
203944,2018-19,0,7,29,48
203944,2018-19,0,8,16,28
203944,2018-19,0,9,6,12
203944,2018-19,0,10,9,12
203944,2018-19,0,11,6,16
203944,2018-19,0,12,7,13
203944,2018-19,0,13,1,7
203944,2018-19,0,14,0,5
203944,2018-19,0,15,1,5
203944,2018-19,0,16,1,2
203944,2018-19,0,17,2,3
203944,2018-19,0,18,0,1
203944,2018-19,0,19,0,1
203944,2018-19,0,20,1,2
203944,2018-19,0,24,0,1
203944,2018-19,0,29,1,2
203944,2018-19,0,30,1,7
203944,2018-19,0,31,2,2
203944,2018-19,1,4,1,1
203944,2018-19,1,5,12,22
203944,2018-19,1,6,14,21
203944,2018-19,1,7,2,9
203944,2018-19,1,8,3,9
203944,2018-19,1,9,0,1
203944,2018-19,1,10,1,4
203944,2018-19,1,11,3,6
203944,2018-19,1,12,0,1
203944,2018-19,1,13,0,1
203944,2018-19,1,14,1,1
203944,2018-19,1,15,1,1
203944,2018-19,1,16,1,2
203944,2018-19,1,18,0,1
203944,2018-19,1,23,0,1
203944,2018-19,1,25,1,1
203944,2018-19,1,30,1,3
203944,2018-19,2,5,5,14
203944,2018-19,2,6,3,8
203944,2018-19,2,7,3,6
203944,2018-19,2,8,0,1
203944,2018-19,2,10,0,1
203944,2018-19,2,11,0,1
203944,2018-19,2,12,0,1
203944,2018-19,2,13,1,3
203944,2018-19,2,15,0,1
203944,2018-19,3,4,0,1
203944,2018-19,3,6,0,2
203944,2018-19,3,7,0,3
203944,2018-19,3,8,0,1
203944,2018-19,3,9,1,1
203944,2018-19,3,10,1,2
203944,2018-19,3,11,1,3
203944,2018-19,3,13,1,2
203944,2018-19,3,14,0,1
203944,2018-19,3,15,1,1
203944,2018-19,3,17,0,1
203944,2018-19,3,19,1,1
203944,2018-19,3,25,1,1
203944,2018-19,3,30,0,1
203944,2018-19,4,5,0,1
203944,2018-19,4,6,0,3
203944,2018-19,4,8,0,2
203944,2018-19,4,9,1,2
203944,2018-19,4,10,1,1
203944,2018-19,4,11,1,1
203944,2018-19,4,14,1,2
203944,2018-19,4,15,0,1
203944,2018-19,4,25,0,2
203944,2018-19,4,30,0,1
203944,2018-19,5,6,0,1
203944,2018-19,5,7,0,2
203944,2018-19,5,9,0,1
203944,2018-19,5,10,1,1
203944,2018-19,5,15,1,1
203944,2018-19,5,23,0,1
203944,2018-19,5,29,1,4
203944,2018-19,5,30,0,2
203944,2018-19,6,7,1,1
203944,2018-19,6,9,1,1
203944,2018-19,6,13,1,1
203944,2018-19,6,15,1,1
203944,2018-19,6,17,1,2
203944,2018-19,6,20,1,1
203944,2018-19,6,24,0,1
203944,2018-19,6,29,0,1
203944,2018-19,6,30,0,1
203944,2018-19,7,9,1,1
203944,2018-19,7,10,1,2
203944,2018-19,7,16,1,1
203944,2018-19,7,29,1,2
203944,2018-19,8,7,1,2
203944,2018-19,8,10,1,1
203944,2018-19,8,28,1,2
203944,2018-19,8,29,1,2
203944,2018-19,8,30,0,1
203944,2018-19,9,5,0,2
203944,2018-19,9,6,1,1
203944,2018-19,9,21,0,1
203944,2018-19,9,22,1,1
203944,2018-19,10,5,0,1
203944,2018-19,10,10,0,1
203944,2018-19,10,20,0,1
203944,2018-19,10,21,0,1
203944,2018-19,10,22,0,1
203944,2018-19,10,27,1,1
203944,2018-19,10,29,1,1
203944,2018-19,10,37,1,1
203944,2018-19,11,8,0,1
203944,2018-19,11,9,0,2
203944,2018-19,11,12,0,1
203944,2018-19,11,17,0,1
203944,2018-19,11,20,0,1
203944,2018-19,11,21,0,1
203944,2018-19,11,27,0,1
203944,2018-19,11,28,0,2
203944,2018-19,12,16,0,1
203944,2018-19,12,22,0,1
203944,2018-19,12,26,0,1
203944,2018-19,12,27,1,2
203944,2018-19,12,28,2,3
203944,2018-19,12,29,0,1
203944,2018-19,12,31,1,1
203944,2018-19,13,8,1,1
203944,2018-19,13,14,0,1
203944,2018-19,13,15,1,2
203944,2018-19,13,18,0,1
203944,2018-19,13,25,0,1
203944,2018-19,13,26,1,1
203944,2018-19,13,27,0,1
203944,2018-19,14,2,1,1
203944,2018-19,14,5,0,1
203944,2018-19,14,25,0,1
203944,2018-19,14,26,1,2
203944,2018-19,14,40,0,1
203944,2018-19,15,5,0,1
203944,2018-19,15,16,0,1
203944,2018-19,15,26,0,3
203944,2018-19,15,27,1,1
203944,2018-19,15,28,1,1
203944,2018-19,16,10,0,1
203944,2018-19,16,19,0,1
203944,2018-19,16,22,0,1
203944,2018-19,16,25,0,1
203944,2018-19,16,27,1,1
203944,2018-19,17,12,1,1
203944,2018-19,17,24,0,1
203944,2018-19,17,25,0,1
203944,2018-19,18,21,2,2
203944,2018-19,18,22,0,1
203944,2018-19,19,7,1,1
203944,2018-19,19,20,0,1
203944,2018-19,19,22,0,3
203944,2018-19,19,30,0,1
203944,2018-19,20,19,1,1
203944,2018-19,21,17,0,2
203944,2018-19,21,18,1,1
203944,2018-19,21,19,0,2
203944,2018-19,22,5,0,1
203944,2018-19,22,6,1,2
203944,2018-19,22,7,0,1
203944,2018-19,22,9,0,1
203944,2018-19,22,11,1,1
203944,2018-19,22,13,1,1
203944,2018-19,22,14,1,1
203944,2018-19,22,16,0,1
203944,2018-19,23,5,0,1
203944,2018-19,23,6,0,1
203944,2018-19,23,7,1,1
203944,2018-19,23,10,0,1
203944,2018-19,23,11,0,1
203944,2018-19,24,13,0,1
203944,2019-20,-24,15,0,1
203944,2019-20,-23,4,1,2
203944,2019-20,-23,5,1,5
203944,2019-20,-23,6,1,2
203944,2019-20,-23,7,1,1
203944,2019-20,-23,8,0,1
203944,2019-20,-23,10,0,1
203944,2019-20,-23,11,1,1
203944,2019-20,-22,3,0,2
203944,2019-20,-22,4,0,2
203944,2019-20,-22,5,2,4
203944,2019-20,-22,6,0,3
203944,2019-20,-22,7,0,1
203944,2019-20,-22,9,1,1
203944,2019-20,-22,16,1,1
203944,2019-20,-22,17,1,1
203944,2019-20,-21,17,1,2
203944,2019-20,-19,20,1,1
203944,2019-20,-19,21,0,1
203944,2019-20,-19,23,0,1
203944,2019-20,-18,13,0,1
203944,2019-20,-18,20,0,1
203944,2019-20,-18,22,0,1
203944,2019-20,-18,24,0,2
203944,2019-20,-17,20,1,1
203944,2019-20,-17,22,1,3
203944,2019-20,-17,23,1,2
203944,2019-20,-17,25,0,1
203944,2019-20,-16,24,1,2
203944,2019-20,-16,25,1,3
203944,2019-20,-15,17,1,2
203944,2019-20,-15,23,0,1
203944,2019-20,-15,24,0,1
203944,2019-20,-15,25,1,2
203944,2019-20,-15,26,0,1
203944,2019-20,-15,29,0,1
203944,2019-20,-14,6,1,2
203944,2019-20,-14,15,0,1
203944,2019-20,-14,16,1,1
203944,2019-20,-14,19,1,2
203944,2019-20,-14,24,1,2
203944,2019-20,-14,25,0,2
203944,2019-20,-14,26,1,4
203944,2019-20,-14,27,0,2
203944,2019-20,-14,28,1,1
203944,2019-20,-13,22,0,1
203944,2019-20,-13,25,0,2
203944,2019-20,-13,26,2,3
203944,2019-20,-13,28,1,1
203944,2019-20,-12,5,0,2
203944,2019-20,-12,6,1,1
203944,2019-20,-12,8,1,1
203944,2019-20,-12,12,1,1
203944,2019-20,-12,25,1,1
203944,2019-20,-12,26,0,4
203944,2019-20,-12,27,1,2
203944,2019-20,-12,29,0,1
203944,2019-20,-11,15,0,1
203944,2019-20,-11,17,0,1
203944,2019-20,-11,26,0,2
203944,2019-20,-11,28,2,3
203944,2019-20,-11,29,0,1
203944,2019-20,-10,6,1,1
203944,2019-20,-10,13,1,1
203944,2019-20,-10,15,0,1
203944,2019-20,-10,16,1,1
203944,2019-20,-10,18,1,1
203944,2019-20,-10,19,1,1
203944,2019-20,-10,27,1,2
203944,2019-20,-10,29,1,1
203944,2019-20,-9,5,0,1
203944,2019-20,-9,13,0,1
203944,2019-20,-9,14,1,1
203944,2019-20,-9,22,1,1
203944,2019-20,-9,28,0,2
203944,2019-20,-9,29,0,1
203944,2019-20,-8,5,0,1
203944,2019-20,-8,15,1,2
203944,2019-20,-8,19,0,1
203944,2019-20,-8,20,0,1
203944,2019-20,-8,22,1,1
203944,2019-20,-8,24,1,1
203944,2019-20,-8,29,1,4
203944,2019-20,-7,5,1,1
203944,2019-20,-7,7,1,3
203944,2019-20,-7,8,1,1
203944,2019-20,-7,11,1,1
203944,2019-20,-7,12,0,1
203944,2019-20,-7,15,1,1
203944,2019-20,-7,22,0,1
203944,2019-20,-7,24,0,1
203944,2019-20,-7,25,1,1
203944,2019-20,-7,29,0,1
203944,2019-20,-7,30,0,3
203944,2019-20,-6,5,0,2
203944,2019-20,-6,6,0,1
203944,2019-20,-6,7,1,3
203944,2019-20,-6,12,1,1
203944,2019-20,-6,13,0,1
203944,2019-20,-6,20,0,1
203944,2019-20,-6,22,0,1
203944,2019-20,-6,23,1,1
203944,2019-20,-6,29,0,1
203944,2019-20,-6,30,0,1
203944,2019-20,-6,31,0,1
203944,2019-20,-5,6,2,3
203944,2019-20,-5,7,1,1
203944,2019-20,-5,9,1,1
203944,2019-20,-5,10,2,2
203944,2019-20,-5,11,0,2
203944,2019-20,-5,13,0,1
203944,2019-20,-5,15,1,1
203944,2019-20,-5,23,1,1
203944,2019-20,-5,29,0,2
203944,2019-20,-5,30,1,2
203944,2019-20,-4,5,0,1
203944,2019-20,-4,6,1,2
203944,2019-20,-4,7,1,2
203944,2019-20,-4,8,0,1
203944,2019-20,-4,9,1,3
203944,2019-20,-4,10,1,2
203944,2019-20,-4,11,1,2
203944,2019-20,-4,12,1,1
203944,2019-20,-4,13,0,1
203944,2019-20,-4,14,0,1
203944,2019-20,-4,16,1,2
203944,2019-20,-4,18,0,1
203944,2019-20,-4,20,0,1
203944,2019-20,-4,22,0,1
203944,2019-20,-3,5,0,1
203944,2019-20,-3,6,2,5
203944,2019-20,-3,7,0,2
203944,2019-20,-3,8,0,1
203944,2019-20,-3,9,1,4
203944,2019-20,-3,10,1,4
203944,2019-20,-3,11,1,1
203944,2019-20,-3,12,0,2
203944,2019-20,-3,13,1,2
203944,2019-20,-3,14,1,3
203944,2019-20,-3,15,1,2
203944,2019-20,-3,23,0,1
203944,2019-20,-3,30,0,2
203944,2019-20,-2,5,5,9
203944,2019-20,-2,6,5,13
203944,2019-20,-2,7,6,9
203944,2019-20,-2,8,0,1
203944,2019-20,-2,9,0,2
203944,2019-20,-2,10,0,3
203944,2019-20,-2,11,1,2
203944,2019-20,-2,12,0,1
203944,2019-20,-2,13,0,1
203944,2019-20,-2,14,0,1
203944,2019-20,-2,15,1,1
203944,2019-20,-2,18,1,1
203944,2019-20,-2,19,0,1
203944,2019-20,-2,24,1,1
203944,2019-20,-2,30,0,3
203944,2019-20,-1,5,17,34
203944,2019-20,-1,6,11,23
203944,2019-20,-1,7,9,18
203944,2019-20,-1,9,2,4
203944,2019-20,-1,10,0,1
203944,2019-20,-1,11,1,2
203944,2019-20,-1,12,1,5
203944,2019-20,-1,13,1,3
203944,2019-20,-1,15,1,2
203944,2019-20,-1,17,1,1
203944,2019-20,-1,18,1,4
203944,2019-20,-1,20,1,1
203944,2019-20,-1,22,1,2
203944,2019-20,-1,25,0,1
203944,2019-20,-1,29,0,1
203944,2019-20,-1,30,1,8
203944,2019-20,-1,31,1,1
203944,2019-20,0,5,85,121
203944,2019-20,0,6,59,79
203944,2019-20,0,7,11,32
203944,2019-20,0,8,6,16
203944,2019-20,0,9,5,14
203944,2019-20,0,10,4,11
203944,2019-20,0,11,3,7
203944,2019-20,0,12,2,6
203944,2019-20,0,13,3,8
203944,2019-20,0,15,2,3
203944,2019-20,0,16,1,2
203944,2019-20,0,17,1,1
203944,2019-20,0,18,1,2
203944,2019-20,0,19,0,1
203944,2019-20,0,20,1,2
203944,2019-20,0,21,1,2
203944,2019-20,0,22,1,3
203944,2019-20,0,24,2,4
203944,2019-20,0,30,1,4
203944,2019-20,0,31,0,5
203944,2019-20,0,32,0,1
203944,2019-20,1,5,8,10
203944,2019-20,1,6,12,18
203944,2019-20,1,7,5,6
203944,2019-20,1,8,0,4
203944,2019-20,1,9,1,3
203944,2019-20,1,10,2,2
203944,2019-20,1,11,2,2
203944,2019-20,1,12,1,3
203944,2019-20,1,13,1,1
203944,2019-20,1,14,1,3
203944,2019-20,1,15,2,3
203944,2019-20,1,16,1,3
203944,2019-20,1,17,0,1
203944,2019-20,1,20,1,2
203944,2019-20,1,23,0,2
203944,2019-20,1,24,0,1
203944,2019-20,1,29,0,1
203944,2019-20,1,30,1,1
203944,2019-20,2,5,2,4
203944,2019-20,2,6,3,5
203944,2019-20,2,7,1,3
203944,2019-20,2,8,1,2
203944,2019-20,2,9,1,2
203944,2019-20,2,11,0,1
203944,2019-20,2,12,1,2
203944,2019-20,2,13,3,3
203944,2019-20,2,14,1,1
203944,2019-20,2,15,0,1
203944,2019-20,2,19,0,2
203944,2019-20,2,21,1,2
203944,2019-20,2,22,1,2
203944,2019-20,2,23,2,2
203944,2019-20,2,24,0,2
203944,2019-20,2,30,0,1
203944,2019-20,3,6,1,3
203944,2019-20,3,8,1,1
203944,2019-20,3,9,1,1
203944,2019-20,3,12,0,1
203944,2019-20,3,13,0,1
203944,2019-20,3,14,3,4
203944,2019-20,3,15,0,1
203944,2019-20,3,21,0,1
203944,2019-20,3,23,1,1
203944,2019-20,3,30,0,2
203944,2019-20,3,31,0,1
203944,2019-20,4,5,1,1
203944,2019-20,4,7,1,2
203944,2019-20,4,8,1,1
203944,2019-20,4,11,0,1
203944,2019-20,4,12,0,1
203944,2019-20,4,15,0,1
203944,2019-20,4,19,1,1
203944,2019-20,4,20,0,1
203944,2019-20,4,21,0,1
203944,2019-20,4,29,0,1
203944,2019-20,4,30,0,4
203944,2019-20,5,6,0,1
203944,2019-20,5,8,1,1
203944,2019-20,5,12,2,2
203944,2019-20,5,15,1,1
203944,2019-20,5,18,0,1
203944,2019-20,5,21,1,1
203944,2019-20,5,29,1,2
203944,2019-20,5,30,1,2
203944,2019-20,6,8,1,2
203944,2019-20,6,11,1,2
203944,2019-20,6,13,1,1
203944,2019-20,6,14,0,1
203944,2019-20,6,15,0,1
203944,2019-20,6,17,1,1
203944,2019-20,6,19,0,1
203944,2019-20,6,23,0,1
203944,2019-20,6,25,0,2
203944,2019-20,6,29,0,2
203944,2019-20,7,4,0,1
203944,2019-20,7,7,1,1
203944,2019-20,7,18,1,1
203944,2019-20,7,24,0,1
203944,2019-20,7,29,0,2
203944,2019-20,7,30,1,2
203944,2019-20,7,31,0,1
203944,2019-20,8,6,1,1
203944,2019-20,8,7,0,1
203944,2019-20,8,8,1,2
203944,2019-20,8,9,1,3
203944,2019-20,8,10,1,2
203944,2019-20,8,15,0,1
203944,2019-20,8,17,0,1
203944,2019-20,8,20,0,1
203944,2019-20,8,21,0,1
203944,2019-20,8,22,0,2
203944,2019-20,8,28,0,1
203944,2019-20,8,29,1,1
203944,2019-20,9,5,1,1
203944,2019-20,9,6,2,2
203944,2019-20,9,8,0,1
203944,2019-20,9,9,0,1
203944,2019-20,9,15,1,1
203944,2019-20,9,16,1,2
203944,2019-20,9,18,0,1
203944,2019-20,9,28,0,1
203944,2019-20,9,29,2,2
203944,2019-20,9,30,1,1
203944,2019-20,10,7,1,1
203944,2019-20,10,12,1,1
203944,2019-20,10,16,0,1
203944,2019-20,10,19,0,1
203944,2019-20,10,27,1,1
203944,2019-20,10,28,1,1
203944,2019-20,10,29,1,2
203944,2019-20,11,5,1,3
203944,2019-20,11,6,0,2
203944,2019-20,11,8,0,1
203944,2019-20,11,10,1,1
203944,2019-20,11,13,0,1
203944,2019-20,11,18,1,1
203944,2019-20,11,23,1,1
203944,2019-20,11,26,0,1
203944,2019-20,11,27,0,1
203944,2019-20,11,28,0,2
203944,2019-20,12,17,0,1
203944,2019-20,12,19,0,1
203944,2019-20,12,20,0,1
203944,2019-20,12,25,0,1
203944,2019-20,12,26,2,4
203944,2019-20,12,27,0,1
203944,2019-20,12,28,1,1
203944,2019-20,12,29,1,1
203944,2019-20,13,13,0,1
203944,2019-20,13,16,0,1
203944,2019-20,13,20,1,1
203944,2019-20,13,25,1,1
203944,2019-20,13,26,0,3
203944,2019-20,13,27,0,1
203944,2019-20,13,28,0,2
203944,2019-20,14,14,0,1
203944,2019-20,14,21,0,1
203944,2019-20,14,25,0,3
203944,2019-20,14,26,0,2
203944,2019-20,14,27,0,2
203944,2019-20,15,9,1,2
203944,2019-20,15,20,0,1
203944,2019-20,15,24,0,2
203944,2019-20,15,25,0,1
203944,2019-20,16,8,1,1
203944,2019-20,16,13,0,1
203944,2019-20,16,24,0,1
203944,2019-20,16,26,0,1
203944,2019-20,17,9,1,1
203944,2019-20,17,21,0,1
203944,2019-20,17,22,1,1
203944,2019-20,17,23,0,2
203944,2019-20,17,25,0,1
203944,2019-20,17,27,0,1
203944,2019-20,18,22,0,4
203944,2019-20,18,24,0,1
203944,2019-20,20,20,1,1
203944,2019-20,20,21,1,3
203944,2019-20,21,17,1,1
203944,2019-20,21,18,0,1
203944,2019-20,21,19,0,1
203944,2019-20,21,20,2,2
203944,2019-20,22,4,1,2
203944,2019-20,22,5,1,2
203944,2019-20,22,7,1,2
203944,2019-20,23,3,0,1
203944,2019-20,23,6,0,1
203944,2019-20,23,7,3,3
203944,2019-20,23,9,1,1
203944,2019-20,23,10,0,1
203944,2019-20,23,12,0,1
203944,2019-20,24,5,0,1
203944,2020-21,-24,4,1,1
203944,2020-21,-24,6,2,2
203944,2020-21,-24,8,0,1
203944,2020-21,-24,9,0,1
203944,2020-21,-23,3,0,1
203944,2020-21,-23,4,0,3
203944,2020-21,-23,5,2,6
203944,2020-21,-23,6,0,4
203944,2020-21,-23,7,2,3
203944,2020-21,-23,8,0,1
203944,2020-21,-23,9,2,2
203944,2020-21,-23,10,0,2
203944,2020-21,-23,13,1,1
203944,2020-21,-22,3,0,1
203944,2020-21,-22,4,1,3
203944,2020-21,-22,5,3,5
203944,2020-21,-22,6,0,2
203944,2020-21,-22,7,3,3
203944,2020-21,-22,9,1,1
203944,2020-21,-22,10,1,3
203944,2020-21,-22,14,1,1
203944,2020-21,-22,15,0,1
203944,2020-21,-22,21,0,1
203944,2020-21,-21,4,0,1
203944,2020-21,-21,16,0,1
203944,2020-21,-21,18,1,1
203944,2020-21,-20,19,1,1
203944,2020-21,-20,20,1,3
203944,2020-21,-20,21,1,2
203944,2020-21,-19,5,0,1
203944,2020-21,-19,13,0,2
203944,2020-21,-18,5,0,1
203944,2020-21,-18,10,1,1
203944,2020-21,-18,11,0,1
203944,2020-21,-18,16,1,1
203944,2020-21,-18,21,1,1
203944,2020-21,-18,23,1,1
203944,2020-21,-17,5,0,1
203944,2020-21,-17,14,0,1
203944,2020-21,-17,18,0,1
203944,2020-21,-17,22,0,1
203944,2020-21,-17,23,0,1
203944,2020-21,-17,24,2,4
203944,2020-21,-16,5,0,1
203944,2020-21,-16,6,0,2
203944,2020-21,-16,9,0,1
203944,2020-21,-16,11,0,1
203944,2020-21,-16,13,0,1
203944,2020-21,-16,16,0,1
203944,2020-21,-16,23,1,1
203944,2020-21,-16,24,4,8
203944,2020-21,-16,25,1,2
203944,2020-21,-16,26,0,1
203944,2020-21,-15,9,1,1
203944,2020-21,-15,11,1,1
203944,2020-21,-15,13,0,1
203944,2020-21,-15,16,1,1
203944,2020-21,-15,18,0,1
203944,2020-21,-15,21,0,1
203944,2020-21,-15,23,1,1
203944,2020-21,-15,24,2,4
203944,2020-21,-15,25,0,4
203944,2020-21,-15,26,1,1
203944,2020-21,-15,27,0,2
203944,2020-21,-14,8,0,2
203944,2020-21,-14,9,1,1
203944,2020-21,-14,11,0,1
203944,2020-21,-14,12,0,1
203944,2020-21,-14,13,1,1
203944,2020-21,-14,14,0,1
203944,2020-21,-14,15,0,1
203944,2020-21,-14,17,1,1
203944,2020-21,-14,25,2,2
203944,2020-21,-14,26,1,7
203944,2020-21,-14,27,0,1
203944,2020-21,-13,5,1,1
203944,2020-21,-13,6,1,1
203944,2020-21,-13,7,1,1
203944,2020-21,-13,9,0,1
203944,2020-21,-13,10,2,3
203944,2020-21,-13,14,1,1
203944,2020-21,-13,15,2,2
203944,2020-21,-13,16,0,1
203944,2020-21,-13,17,1,1
203944,2020-21,-13,20,0,1
203944,2020-21,-13,25,0,2
203944,2020-21,-13,26,3,5
203944,2020-21,-13,27,0,2
203944,2020-21,-13,31,0,1
203944,2020-21,-12,5,0,1
203944,2020-21,-12,7,1,2
203944,2020-21,-12,10,0,1
203944,2020-21,-12,11,0,1
203944,2020-21,-12,15,1,1
203944,2020-21,-12,16,1,1
203944,2020-21,-12,19,0,2
203944,2020-21,-12,25,1,1
203944,2020-21,-12,26,0,1
203944,2020-21,-12,27,0,1
203944,2020-21,-11,3,0,1
203944,2020-21,-11,5,0,1
203944,2020-21,-11,7,1,1
203944,2020-21,-11,8,1,1
203944,2020-21,-11,12,1,1
203944,2020-21,-11,13,0,1
203944,2020-21,-11,14,0,1
203944,2020-21,-11,16,1,1
203944,2020-21,-11,18,0,2
203944,2020-21,-11,19,1,1
203944,2020-21,-11,20,2,2
203944,2020-21,-11,22,1,1
203944,2020-21,-11,24,0,1
203944,2020-21,-11,26,1,1
203944,2020-21,-11,27,1,3
203944,2020-21,-11,28,2,3
203944,2020-21,-11,29,2,3
203944,2020-21,-10,6,0,2
203944,2020-21,-10,7,2,2
203944,2020-21,-10,9,0,1
203944,2020-21,-10,15,0,1
203944,2020-21,-10,19,0,1
203944,2020-21,-10,20,1,3
203944,2020-21,-10,21,1,4
203944,2020-21,-10,23,1,1
203944,2020-21,-10,24,0,1
203944,2020-21,-10,27,3,4
203944,2020-21,-10,28,1,4
203944,2020-21,-10,30,0,1
203944,2020-21,-10,33,0,1
203944,2020-21,-9,5,1,1
203944,2020-21,-9,6,0,1
203944,2020-21,-9,7,0,1
203944,2020-21,-9,8,0,1
203944,2020-21,-9,9,0,2
203944,2020-21,-9,11,0,1
203944,2020-21,-9,13,2,3
203944,2020-21,-9,18,0,1
203944,2020-21,-9,21,1,2
203944,2020-21,-9,23,1,4
203944,2020-21,-9,28,1,4
203944,2020-21,-9,29,1,2
203944,2020-21,-8,5,0,1
203944,2020-21,-8,8,1,2
203944,2020-21,-8,9,0,1
203944,2020-21,-8,13,4,4
203944,2020-21,-8,14,1,1
203944,2020-21,-8,15,0,1
203944,2020-21,-8,18,2,2
203944,2020-21,-8,20,1,1
203944,2020-21,-8,21,3,3
203944,2020-21,-8,22,1,2
203944,2020-21,-8,24,1,1
203944,2020-21,-8,28,0,2
203944,2020-21,-8,29,1,3
203944,2020-21,-7,6,0,1
203944,2020-21,-7,9,1,1
203944,2020-21,-7,11,1,2
203944,2020-21,-7,13,0,1
203944,2020-21,-7,14,2,3
203944,2020-21,-7,15,0,1
203944,2020-21,-7,16,0,2
203944,2020-21,-7,18,2,2
203944,2020-21,-7,19,2,2
203944,2020-21,-7,20,0,1
203944,2020-21,-7,21,0,2
203944,2020-21,-7,22,1,1
203944,2020-21,-7,24,0,1
203944,2020-21,-7,28,1,2
203944,2020-21,-7,29,0,2
203944,2020-21,-7,30,1,1
203944,2020-21,-7,31,0,1
203944,2020-21,-6,5,0,1
203944,2020-21,-6,6,2,2
203944,2020-21,-6,8,0,1
203944,2020-21,-6,10,0,1
203944,2020-21,-6,11,0,1
203944,2020-21,-6,13,1,2
203944,2020-21,-6,14,0,1
203944,2020-21,-6,15,1,1
203944,2020-21,-6,17,1,1
203944,2020-21,-6,19,0,1
203944,2020-21,-6,24,0,1
203944,2020-21,-6,25,0,1
203944,2020-21,-6,29,1,4
203944,2020-21,-6,30,1,2
203944,2020-21,-5,5,1,1
203944,2020-21,-5,8,0,2
203944,2020-21,-5,9,1,1
203944,2020-21,-5,10,0,1
203944,2020-21,-5,12,1,2
203944,2020-21,-5,14,0,1
203944,2020-21,-5,17,1,1
203944,2020-21,-5,18,1,1
203944,2020-21,-5,20,1,1
203944,2020-21,-5,21,0,2
203944,2020-21,-5,22,0,1
203944,2020-21,-5,29,2,4
203944,2020-21,-5,30,1,2
203944,2020-21,-4,5,2,2
203944,2020-21,-4,6,0,1
203944,2020-21,-4,7,2,4
203944,2020-21,-4,11,0,2
203944,2020-21,-4,13,1,2
203944,2020-21,-4,14,0,1
203944,2020-21,-4,15,0,2
203944,2020-21,-4,19,1,1
203944,2020-21,-4,20,0,1
203944,2020-21,-4,21,0,1
203944,2020-21,-4,22,1,1
203944,2020-21,-4,23,0,1
203944,2020-21,-4,24,0,1
203944,2020-21,-4,25,1,2
203944,2020-21,-4,29,0,2
203944,2020-21,-4,30,3,3
203944,2020-21,-4,31,0,1
203944,2020-21,-3,5,1,2
203944,2020-21,-3,6,2,5
203944,2020-21,-3,7,1,5
203944,2020-21,-3,8,2,3
203944,2020-21,-3,9,0,1
203944,2020-21,-3,12,2,3
203944,2020-21,-3,15,0,1
203944,2020-21,-3,16,1,1
203944,2020-21,-3,17,1,3
203944,2020-21,-3,21,1,1
203944,2020-21,-3,25,1,1
203944,2020-21,-3,26,1,2
203944,2020-21,-3,29,0,1
203944,2020-21,-3,30,1,2
203944,2020-21,-2,5,4,10
203944,2020-21,-2,6,5,13
203944,2020-21,-2,7,2,8
203944,2020-21,-2,8,1,2
203944,2020-21,-2,9,1,3
203944,2020-21,-2,10,1,1
203944,2020-21,-2,11,0,2
203944,2020-21,-2,13,1,1
203944,2020-21,-2,14,1,3
203944,2020-21,-2,15,1,2
203944,2020-21,-2,16,2,2
203944,2020-21,-2,17,1,3
203944,2020-21,-2,20,1,4
203944,2020-21,-2,21,0,1
203944,2020-21,-2,24,2,3
203944,2020-21,-2,25,0,2
203944,2020-21,-2,30,1,4
203944,2020-21,-2,31,0,1
203944,2020-21,-2,32,1,1
203944,2020-21,-1,4,1,1
203944,2020-21,-1,5,19,25
203944,2020-21,-1,6,11,19
203944,2020-21,-1,7,2,11
203944,2020-21,-1,8,2,6
203944,2020-21,-1,9,0,3
203944,2020-21,-1,10,2,2
203944,2020-21,-1,11,2,2
203944,2020-21,-1,12,1,5
203944,2020-21,-1,13,0,1
203944,2020-21,-1,14,0,3
203944,2020-21,-1,15,1,3
203944,2020-21,-1,16,0,1
203944,2020-21,-1,20,0,1
203944,2020-21,-1,21,0,1
203944,2020-21,-1,22,1,2
203944,2020-21,-1,23,1,1
203944,2020-21,-1,24,1,1
203944,2020-21,-1,25,0,1
203944,2020-21,-1,26,0,1
203944,2020-21,-1,29,0,1
203944,2020-21,-1,30,7,8
203944,2020-21,-1,31,1,2
203944,2020-21,-1,32,0,1
203944,2020-21,0,5,46,54
203944,2020-21,0,6,34,45
203944,2020-21,0,7,9,20
203944,2020-21,0,8,4,11
203944,2020-21,0,9,2,8
203944,2020-21,0,10,4,8
203944,2020-21,0,11,1,7
203944,2020-21,0,12,1,5
203944,2020-21,0,13,6,7
203944,2020-21,0,14,2,5
203944,2020-21,0,15,3,4
203944,2020-21,0,16,4,12
203944,2020-21,0,17,0,3
203944,2020-21,0,18,2,7
203944,2020-21,0,19,2,7
203944,2020-21,0,20,2,4
203944,2020-21,0,21,1,1
203944,2020-21,0,22,2,3
203944,2020-21,0,23,1,3
203944,2020-21,0,24,0,1
203944,2020-21,0,26,0,3
203944,2020-21,0,29,1,3
203944,2020-21,0,30,2,9
203944,2020-21,0,31,2,5
203944,2020-21,0,33,0,1
203944,2020-21,1,5,4,9
203944,2020-21,1,6,3,6
203944,2020-21,1,7,3,6
203944,2020-21,1,8,1,2
203944,2020-21,1,9,0,2
203944,2020-21,1,10,2,3
203944,2020-21,1,12,1,1
203944,2020-21,1,14,1,1
203944,2020-21,1,15,3,3
203944,2020-21,1,17,1,2
203944,2020-21,1,18,1,1
203944,2020-21,1,19,2,3
203944,2020-21,1,20,0,2
203944,2020-21,1,21,0,1
203944,2020-21,1,22,1,1
203944,2020-21,1,25,1,1
203944,2020-21,1,26,0,2
203944,2020-21,1,29,1,2
203944,2020-21,1,30,3,6
203944,2020-21,1,31,0,3
203944,2020-21,1,32,1,2
203944,2020-21,2,5,2,3
203944,2020-21,2,6,1,3
203944,2020-21,2,7,2,3
203944,2020-21,2,8,0,1
203944,2020-21,2,9,2,2
203944,2020-21,2,11,0,1
203944,2020-21,2,12,2,2
203944,2020-21,2,13,1,1
203944,2020-21,2,14,3,4
203944,2020-21,2,15,0,2
203944,2020-21,2,16,0,1
203944,2020-21,2,21,0,1
203944,2020-21,2,22,0,1
203944,2020-21,2,24,1,3
203944,2020-21,2,27,0,1
203944,2020-21,2,29,0,1
203944,2020-21,2,30,4,8
203944,2020-21,2,32,1,1
203944,2020-21,3,6,3,4
203944,2020-21,3,7,0,1
203944,2020-21,3,8,1,3
203944,2020-21,3,9,0,2
203944,2020-21,3,12,1,1
203944,2020-21,3,13,0,2
203944,2020-21,3,14,1,3
203944,2020-21,3,15,0,1
203944,2020-21,3,16,0,1
203944,2020-21,3,17,2,3
203944,2020-21,3,25,1,1
203944,2020-21,3,29,0,2
203944,2020-21,3,30,1,4
203944,2020-21,3,31,1,3
203944,2020-21,4,3,1,1
203944,2020-21,4,6,3,3
203944,2020-21,4,7,0,2
203944,2020-21,4,10,1,2
203944,2020-21,4,11,0,1
203944,2020-21,4,14,1,1
203944,2020-21,4,15,0,1
203944,2020-21,4,16,1,1
203944,2020-21,4,17,2,3
203944,2020-21,4,21,2,2
203944,2020-21,4,22,0,1
203944,2020-21,4,23,0,1
203944,2020-21,4,25,1,2
203944,2020-21,4,28,0,1
203944,2020-21,4,29,1,1
203944,2020-21,4,30,0,2
203944,2020-21,4,31,0,1
203944,2020-21,4,32,1,1
203944,2020-21,5,4,2,2
203944,2020-21,5,5,0,2
203944,2020-21,5,9,0,1
203944,2020-21,5,10,0,1
203944,2020-21,5,15,0,1
203944,2020-21,5,17,1,1
203944,2020-21,5,19,0,1
203944,2020-21,5,21,0,2
203944,2020-21,5,22,2,2
203944,2020-21,5,23,1,2
203944,2020-21,5,25,2,2
203944,2020-21,5,29,1,3
203944,2020-21,5,31,0,1
203944,2020-21,6,5,0,4
203944,2020-21,6,6,0,1
203944,2020-21,6,7,1,2
203944,2020-21,6,8,1,1
203944,2020-21,6,12,1,2
203944,2020-21,6,13,1,1
203944,2020-21,6,17,2,2
203944,2020-21,6,19,0,1
203944,2020-21,6,20,1,2
203944,2020-21,6,21,0,2
203944,2020-21,6,22,1,1
203944,2020-21,6,29,1,3
203944,2020-21,6,30,0,1
203944,2020-21,7,4,1,2
203944,2020-21,7,5,1,2
203944,2020-21,7,6,1,1
203944,2020-21,7,9,0,1
203944,2020-21,7,12,1,1
203944,2020-21,7,17,1,1
203944,2020-21,7,19,1,1
203944,2020-21,7,21,1,1
203944,2020-21,7,23,0,1
203944,2020-21,7,24,0,1
203944,2020-21,7,25,1,2
203944,2020-21,7,28,0,1
203944,2020-21,7,29,2,3
203944,2020-21,7,30,0,1
203944,2020-21,7,33,0,1
203944,2020-21,8,5,1,1
203944,2020-21,8,6,0,1
203944,2020-21,8,7,1,3
203944,2020-21,8,8,2,2
203944,2020-21,8,10,0,1
203944,2020-21,8,13,0,1
203944,2020-21,8,15,1,1
203944,2020-21,8,16,1,1
203944,2020-21,8,18,2,2
203944,2020-21,8,19,2,3
203944,2020-21,8,20,0,2
203944,2020-21,8,21,1,1
203944,2020-21,8,23,0,1
203944,2020-21,8,25,1,1
203944,2020-21,8,28,3,4
203944,2020-21,8,29,0,1
203944,2020-21,9,6,0,1
203944,2020-21,9,7,2,3
203944,2020-21,9,8,0,1
203944,2020-21,9,10,1,1
203944,2020-21,9,15,0,1
203944,2020-21,9,16,0,1
203944,2020-21,9,17,0,1
203944,2020-21,9,19,1,3
203944,2020-21,9,21,0,2
203944,2020-21,9,24,1,2
203944,2020-21,9,28,4,4
203944,2020-21,9,29,0,1
203944,2020-21,9,30,1,1
203944,2020-21,10,4,0,1
203944,2020-21,10,5,3,4
203944,2020-21,10,6,0,2
203944,2020-21,10,7,1,4
203944,2020-21,10,8,2,4
203944,2020-21,10,9,0,2
203944,2020-21,10,10,1,3
203944,2020-21,10,12,1,1
203944,2020-21,10,13,0,1
203944,2020-21,10,17,1,1
203944,2020-21,10,22,0,1
203944,2020-21,10,23,0,1
203944,2020-21,10,24,1,2
203944,2020-21,10,27,0,3
203944,2020-21,10,28,3,3
203944,2020-21,10,29,0,2
203944,2020-21,11,2,0,1
203944,2020-21,11,4,0,1
203944,2020-21,11,5,2,6
203944,2020-21,11,6,1,2
203944,2020-21,11,7,1,2
203944,2020-21,11,11,0,1
203944,2020-21,11,12,1,1
203944,2020-21,11,18,0,1
203944,2020-21,11,21,1,1
203944,2020-21,11,28,1,1
203944,2020-21,11,29,2,2
203944,2020-21,11,30,0,1
203944,2020-21,12,3,0,1
203944,2020-21,12,5,1,1
203944,2020-21,12,6,0,2
203944,2020-21,12,7,0,1
203944,2020-21,12,8,0,2
203944,2020-21,12,10,0,2
203944,2020-21,12,13,0,1
203944,2020-21,12,15,2,2
203944,2020-21,12,16,1,1
203944,2020-21,12,18,0,2
203944,2020-21,12,19,0,1
203944,2020-21,12,21,1,1
203944,2020-21,12,22,1,1
203944,2020-21,12,26,2,3
203944,2020-21,12,27,0,3
203944,2020-21,12,28,2,4
203944,2020-21,12,45,0,1
203944,2020-21,13,3,1,1
203944,2020-21,13,4,0,1
203944,2020-21,13,5,0,2
203944,2020-21,13,6,2,2
203944,2020-21,13,7,0,3
203944,2020-21,13,8,0,1
203944,2020-21,13,9,2,3
203944,2020-21,13,12,1,1
203944,2020-21,13,14,0,1
203944,2020-21,13,16,2,2
203944,2020-21,13,18,0,1
203944,2020-21,13,25,0,2
203944,2020-21,13,26,1,4
203944,2020-21,13,28,0,1
203944,2020-21,14,3,1,1
203944,2020-21,14,5,3,7
203944,2020-21,14,7,0,5
203944,2020-21,14,8,1,1
203944,2020-21,14,9,0,1
203944,2020-21,14,10,0,1
203944,2020-21,14,13,1,3
203944,2020-21,14,14,1,2
203944,2020-21,14,15,0,1
203944,2020-21,14,25,0,1
203944,2020-21,14,26,4,5
203944,2020-21,14,29,0,1
203944,2020-21,15,4,1,1
203944,2020-21,15,5,5,7
203944,2020-21,15,6,1,2
203944,2020-21,15,7,2,2
203944,2020-21,15,8,0,2
203944,2020-21,15,9,1,2
203944,2020-21,15,10,1,2
203944,2020-21,15,13,1,1
203944,2020-21,15,18,0,1
203944,2020-21,15,24,1,4
203944,2020-21,15,25,4,4
203944,2020-21,15,27,0,1
203944,2020-21,16,5,1,1
203944,2020-21,16,6,0,1
203944,2020-21,16,7,0,1
203944,2020-21,16,9,0,1
203944,2020-21,16,10,0,1
203944,2020-21,16,16,1,1
203944,2020-21,16,18,1,1
203944,2020-21,16,23,1,1
203944,2020-21,16,24,4,6
203944,2020-21,16,26,0,1
203944,2020-21,16,27,0,1
203944,2020-21,17,5,0,2
203944,2020-21,17,7,0,1
203944,2020-21,17,10,1,2
203944,2020-21,17,21,0,1
203944,2020-21,17,22,0,1
203944,2020-21,17,23,1,1
203944,2020-21,17,24,0,2
203944,2020-21,17,25,0,1
203944,2020-21,17,47,0,1
203944,2020-21,18,6,1,1
203944,2020-21,18,8,1,1
203944,2020-21,18,9,1,1
203944,2020-21,18,11,0,1
203944,2020-21,18,13,0,1
203944,2020-21,18,22,0,1
203944,2020-21,18,23,1,1
203944,2020-21,18,25,1,1
203944,2020-21,19,3,0,1
203944,2020-21,19,20,0,1
203944,2020-21,19,21,0,2
203944,2020-21,19,22,0,1
203944,2020-21,19,24,0,1
203944,2020-21,20,18,0,1
203944,2020-21,20,20,1,2
203944,2020-21,20,23,1,1
203944,2020-21,21,19,0,1
203944,2020-21,22,4,0,1
203944,2020-21,22,5,2,2
203944,2020-21,22,6,1,2
203944,2020-21,22,7,3,6
203944,2020-21,22,8,0,2
203944,2020-21,22,9,0,1
203944,2020-21,22,14,1,1
203944,2020-21,22,16,1,2
203944,2020-21,22,18,0,1
203944,2020-21,23,3,1,3
203944,2020-21,23,4,0,1
203944,2020-21,23,5,3,6
203944,2020-21,23,6,2,6
203944,2020-21,23,7,1,2
203944,2020-21,23,8,3,5
203944,2020-21,23,9,0,1
203944,2020-21,23,10,1,1
203944,2020-21,23,12,0,1
203944,2020-21,24,8,1,1
203944,2021-22,-24,5,1,3
203944,2021-22,-24,6,0,1
203944,2021-22,-23,3,0,1
203944,2021-22,-23,4,0,3
203944,2021-22,-23,5,2,5
203944,2021-22,-23,6,2,4
203944,2021-22,-23,7,0,2
203944,2021-22,-23,8,1,3
203944,2021-22,-23,9,0,1
203944,2021-22,-23,12,2,2
203944,2021-22,-22,5,2,4
203944,2021-22,-22,17,1,2
203944,2021-22,-21,17,0,4
203944,2021-22,-21,18,1,1
203944,2021-22,-20,18,0,1
203944,2021-22,-20,19,1,1
203944,2021-22,-20,20,0,2
203944,2021-22,-20,22,0,1
203944,2021-22,-19,4,0,1
203944,2021-22,-19,11,0,1
203944,2021-22,-19,19,0,1
203944,2021-22,-19,20,1,2
203944,2021-22,-19,21,1,3
203944,2021-22,-19,22,0,1
203944,2021-22,-18,8,0,1
203944,2021-22,-18,10,0,1
203944,2021-22,-18,21,1,2
203944,2021-22,-18,22,1,2
203944,2021-22,-17,7,0,1
203944,2021-22,-17,13,0,2
203944,2021-22,-17,22,1,1
203944,2021-22,-17,23,2,5
203944,2021-22,-17,24,0,1
203944,2021-22,-17,25,1,1
203944,2021-22,-17,30,0,1
203944,2021-22,-16,5,0,2
203944,2021-22,-16,8,1,1
203944,2021-22,-16,10,1,2
203944,2021-22,-16,13,0,1
203944,2021-22,-16,14,0,1
203944,2021-22,-16,16,0,2
203944,2021-22,-16,18,0,1
203944,2021-22,-16,22,0,1
203944,2021-22,-16,23,2,7
203944,2021-22,-16,24,2,6
203944,2021-22,-16,25,2,5
203944,2021-22,-15,5,0,1
203944,2021-22,-15,6,0,1
203944,2021-22,-15,8,1,2
203944,2021-22,-15,16,1,2
203944,2021-22,-15,24,0,1
203944,2021-22,-15,25,1,3
203944,2021-22,-15,30,1,1
203944,2021-22,-14,7,0,2
203944,2021-22,-14,8,0,1
203944,2021-22,-14,9,0,1
203944,2021-22,-14,13,1,2
203944,2021-22,-14,15,0,1
203944,2021-22,-14,16,1,2
203944,2021-22,-14,20,0,1
203944,2021-22,-14,25,3,10
203944,2021-22,-14,26,1,2
203944,2021-22,-13,11,1,1
203944,2021-22,-13,16,1,1
203944,2021-22,-13,20,1,1
203944,2021-22,-13,21,0,1
203944,2021-22,-13,26,1,4
203944,2021-22,-13,27,3,6
203944,2021-22,-13,28,0,1
203944,2021-22,-13,29,0,1
203944,2021-22,-12,6,0,1
203944,2021-22,-12,8,0,1
203944,2021-22,-12,12,0,1
203944,2021-22,-12,14,0,1
203944,2021-22,-12,15,1,1
203944,2021-22,-12,17,1,1
203944,2021-22,-12,18,0,2
203944,2021-22,-12,19,1,1
203944,2021-22,-12,20,0,1
203944,2021-22,-12,21,0,1
203944,2021-22,-12,22,0,1
203944,2021-22,-12,23,1,1
203944,2021-22,-12,26,2,2
203944,2021-22,-12,27,1,3
203944,2021-22,-12,28,3,4
203944,2021-22,-12,30,0,1
203944,2021-22,-11,5,0,1
203944,2021-22,-11,6,0,1
203944,2021-22,-11,9,0,3
203944,2021-22,-11,10,0,1
203944,2021-22,-11,12,0,1
203944,2021-22,-11,13,1,1
203944,2021-22,-11,14,1,1
203944,2021-22,-11,15,0,1
203944,2021-22,-11,16,0,1
203944,2021-22,-11,17,1,2
203944,2021-22,-11,19,0,2
203944,2021-22,-11,20,0,1
203944,2021-22,-11,26,1,1
203944,2021-22,-11,27,3,5
203944,2021-22,-11,28,1,5
203944,2021-22,-11,29,0,1
203944,2021-22,-10,5,0,1
203944,2021-22,-10,11,1,1
203944,2021-22,-10,12,1,1
203944,2021-22,-10,14,0,2
203944,2021-22,-10,16,1,1
203944,2021-22,-10,17,0,2
203944,2021-22,-10,18,1,1
203944,2021-22,-10,19,0,1
203944,2021-22,-10,21,1,2
203944,2021-22,-10,28,4,7
203944,2021-22,-10,30,1,2
203944,2021-22,-10,33,0,1
203944,2021-22,-9,6,0,1
203944,2021-22,-9,8,1,1
203944,2021-22,-9,9,0,1
203944,2021-22,-9,10,1,1
203944,2021-22,-9,17,0,1
203944,2021-22,-9,20,2,3
203944,2021-22,-9,21,1,2
203944,2021-22,-9,22,1,1
203944,2021-22,-9,23,0,1
203944,2021-22,-9,27,0,1
203944,2021-22,-9,28,3,6
203944,2021-22,-9,29,0,1
203944,2021-22,-9,30,0,1
203944,2021-22,-8,5,0,1
203944,2021-22,-8,6,0,1
203944,2021-22,-8,7,0,2
203944,2021-22,-8,9,0,1
203944,2021-22,-8,10,1,1
203944,2021-22,-8,11,0,1
203944,2021-22,-8,12,0,1
203944,2021-22,-8,13,1,1
203944,2021-22,-8,19,1,1
203944,2021-22,-8,20,0,1
203944,2021-22,-8,21,1,2
203944,2021-22,-8,22,1,1
203944,2021-22,-8,23,1,2
203944,2021-22,-8,26,0,1
203944,2021-22,-8,28,0,1
203944,2021-22,-8,29,0,3
203944,2021-22,-8,30,0,3
203944,2021-22,-7,6,1,1
203944,2021-22,-7,7,0,1
203944,2021-22,-7,8,1,1
203944,2021-22,-7,9,0,1
203944,2021-22,-7,14,0,2
203944,2021-22,-7,15,1,1
203944,2021-22,-7,18,0,1
203944,2021-22,-7,19,0,2
203944,2021-22,-7,22,0,1
203944,2021-22,-7,23,0,2
203944,2021-22,-7,27,0,1
203944,2021-22,-7,28,2,3
203944,2021-22,-6,8,0,1
203944,2021-22,-6,9,0,1
203944,2021-22,-6,11,1,1
203944,2021-22,-6,14,1,1
203944,2021-22,-6,16,1,3
203944,2021-22,-6,18,1,2
203944,2021-22,-6,21,2,2
203944,2021-22,-6,23,0,1
203944,2021-22,-6,26,1,1
203944,2021-22,-6,29,1,5
203944,2021-22,-6,30,1,1
203944,2021-22,-5,6,0,1
203944,2021-22,-5,7,1,2
203944,2021-22,-5,8,1,1
203944,2021-22,-5,9,1,2
203944,2021-22,-5,12,0,1
203944,2021-22,-5,15,1,3
203944,2021-22,-5,21,1,1
203944,2021-22,-5,23,1,1
203944,2021-22,-5,24,1,1
203944,2021-22,-5,25,0,2
203944,2021-22,-5,30,0,3
203944,2021-22,-4,5,1,2
203944,2021-22,-4,6,2,2
203944,2021-22,-4,7,1,1
203944,2021-22,-4,8,1,2
203944,2021-22,-4,9,0,1
203944,2021-22,-4,10,1,1
203944,2021-22,-4,11,1,2
203944,2021-22,-4,14,0,2
203944,2021-22,-4,15,2,2
203944,2021-22,-4,18,0,1
203944,2021-22,-4,19,0,1
203944,2021-22,-4,20,0,1
203944,2021-22,-4,22,0,2
203944,2021-22,-4,24,1,1
203944,2021-22,-4,26,1,2
203944,2021-22,-4,29,1,2
203944,2021-22,-4,30,1,2
203944,2021-22,-4,31,1,2
203944,2021-22,-3,5,0,6
203944,2021-22,-3,6,3,7
203944,2021-22,-3,7,5,8
203944,2021-22,-3,8,0,1
203944,2021-22,-3,9,1,1
203944,2021-22,-3,10,1,3
203944,2021-22,-3,12,0,1
203944,2021-22,-3,13,1,2
203944,2021-22,-3,15,1,2
203944,2021-22,-3,17,0,2
203944,2021-22,-3,18,0,1
203944,2021-22,-3,20,1,1
203944,2021-22,-3,21,2,3
203944,2021-22,-3,23,0,1
203944,2021-22,-3,24,0,1
203944,2021-22,-3,29,3,4
203944,2021-22,-3,30,0,1
203944,2021-22,-3,31,1,3
203944,2021-22,-2,5,12,23
203944,2021-22,-2,6,9,14
203944,2021-22,-2,7,2,7
203944,2021-22,-2,8,1,4
203944,2021-22,-2,9,1,3
203944,2021-22,-2,10,0,1
203944,2021-22,-2,11,1,2
203944,2021-22,-2,12,1,1
203944,2021-22,-2,13,3,5
203944,2021-22,-2,14,0,1
203944,2021-22,-2,15,0,1
203944,2021-22,-2,16,0,2
203944,2021-22,-2,18,2,2
203944,2021-22,-2,19,1,2
203944,2021-22,-2,20,2,2
203944,2021-22,-2,21,0,1
203944,2021-22,-2,22,1,1
203944,2021-22,-2,23,0,1
203944,2021-22,-2,24,2,3
203944,2021-22,-2,26,0,1
203944,2021-22,-2,29,0,1
203944,2021-22,-2,30,1,5
203944,2021-22,-2,31,0,2
203944,2021-22,-1,5,30,40
203944,2021-22,-1,6,10,21
203944,2021-22,-1,7,1,8
203944,2021-22,-1,8,0,2
203944,2021-22,-1,9,0,1
203944,2021-22,-1,10,0,1
203944,2021-22,-1,11,1,2
203944,2021-22,-1,12,1,1
203944,2021-22,-1,13,0,3
203944,2021-22,-1,14,2,3
203944,2021-22,-1,15,2,2
203944,2021-22,-1,17,0,1
203944,2021-22,-1,19,0,1
203944,2021-22,-1,20,1,2
203944,2021-22,-1,22,0,2
203944,2021-22,-1,23,1,1
203944,2021-22,-1,25,1,2
203944,2021-22,-1,29,0,1
203944,2021-22,-1,30,2,3
203944,2021-22,-1,31,0,1
203944,2021-22,0,5,91,128
203944,2021-22,0,6,25,33
203944,2021-22,0,7,12,25
203944,2021-22,0,8,0,3
203944,2021-22,0,9,2,8
203944,2021-22,0,10,1,3
203944,2021-22,0,11,0,3
203944,2021-22,0,12,4,8
203944,2021-22,0,13,1,7
203944,2021-22,0,14,3,8
203944,2021-22,0,15,3,6
203944,2021-22,0,16,0,1
203944,2021-22,0,17,1,3
203944,2021-22,0,18,1,4
203944,2021-22,0,19,0,1
203944,2021-22,0,20,0,1
203944,2021-22,0,21,1,3
203944,2021-22,0,22,1,4
203944,2021-22,0,23,1,1
203944,2021-22,0,24,3,3
203944,2021-22,0,25,1,1
203944,2021-22,0,26,0,1
203944,2021-22,0,28,0,1
203944,2021-22,0,29,1,1
203944,2021-22,0,30,5,10
203944,2021-22,0,31,0,3
203944,2021-22,1,5,4,9
203944,2021-22,1,6,2,5
203944,2021-22,1,7,0,2
203944,2021-22,1,8,1,4
203944,2021-22,1,9,2,3
203944,2021-22,1,12,2,3
203944,2021-22,1,14,1,1
203944,2021-22,1,17,1,1
203944,2021-22,1,23,0,1
203944,2021-22,1,25,1,1
203944,2021-22,1,30,1,7
203944,2021-22,1,31,0,2
203944,2021-22,2,5,3,6
203944,2021-22,2,6,2,6
203944,2021-22,2,7,1,1
203944,2021-22,2,8,1,1
203944,2021-22,2,9,1,2
203944,2021-22,2,10,1,1
203944,2021-22,2,11,1,2
203944,2021-22,2,12,1,3
203944,2021-22,2,14,0,2
203944,2021-22,2,15,3,4
203944,2021-22,2,17,0,1
203944,2021-22,2,23,0,1
203944,2021-22,2,25,0,1
203944,2021-22,2,26,1,1
203944,2021-22,2,29,1,3
203944,2021-22,2,30,1,3
203944,2021-22,2,31,0,2
203944,2021-22,3,6,1,2
203944,2021-22,3,10,0,1
203944,2021-22,3,11,1,1
203944,2021-22,3,14,0,1
203944,2021-22,3,16,0,1
203944,2021-22,3,19,1,2
203944,2021-22,3,22,0,1
203944,2021-22,3,25,0,2
203944,2021-22,3,29,0,2
203944,2021-22,3,30,0,3
203944,2021-22,3,31,0,1
203944,2021-22,3,33,1,1
203944,2021-22,4,7,0,1
203944,2021-22,4,8,0,1
203944,2021-22,4,10,1,1
203944,2021-22,4,13,1,2
203944,2021-22,4,14,1,2
203944,2021-22,4,15,0,2
203944,2021-22,4,22,0,1
203944,2021-22,4,24,0,1
203944,2021-22,4,26,0,1
203944,2021-22,4,29,1,2
203944,2021-22,4,30,0,2
203944,2021-22,4,31,0,1
203944,2021-22,5,7,1,1
203944,2021-22,5,9,0,1
203944,2021-22,5,13,1,2
203944,2021-22,5,19,1,1
203944,2021-22,5,20,1,1
203944,2021-22,5,22,0,1
203944,2021-22,5,29,0,2
203944,2021-22,5,30,1,2
203944,2021-22,5,31,0,2
203944,2021-22,6,5,1,1
203944,2021-22,6,7,0,1
203944,2021-22,6,10,0,1
203944,2021-22,6,12,0,1
203944,2021-22,6,18,1,2
203944,2021-22,6,19,1,1
203944,2021-22,6,22,0,1
203944,2021-22,6,24,0,1
203944,2021-22,6,29,2,3
203944,2021-22,6,30,0,1
203944,2021-22,7,12,0,1
203944,2021-22,7,14,0,1
203944,2021-22,7,15,1,2
203944,2021-22,7,19,0,1
203944,2021-22,7,21,1,3
203944,2021-22,7,22,1,2
203944,2021-22,7,23,0,1
203944,2021-22,7,24,0,2
203944,2021-22,7,28,0,1
203944,2021-22,7,29,3,7
203944,2021-22,7,30,0,2
203944,2021-22,7,31,0,1
203944,2021-22,8,5,0,2
203944,2021-22,8,6,0,1
203944,2021-22,8,7,0,1
203944,2021-22,8,8,0,1
203944,2021-22,8,10,0,3
203944,2021-22,8,12,0,1
203944,2021-22,8,15,0,1
203944,2021-22,8,17,1,3
203944,2021-22,8,18,0,1
203944,2021-22,8,19,1,2
203944,2021-22,8,20,0,2
203944,2021-22,8,21,0,1
203944,2021-22,8,24,0,1
203944,2021-22,8,28,1,2
203944,2021-22,8,29,2,3
203944,2021-22,8,31,0,1
203944,2021-22,9,5,0,3
203944,2021-22,9,9,1,1
203944,2021-22,9,11,0,2
203944,2021-22,9,16,0,1
203944,2021-22,9,18,2,2
203944,2021-22,9,21,0,1
203944,2021-22,9,27,0,1
203944,2021-22,9,28,3,6
203944,2021-22,9,29,0,1
203944,2021-22,9,30,1,3
203944,2021-22,9,32,0,1
203944,2021-22,10,5,1,3
203944,2021-22,10,6,0,1
203944,2021-22,10,8,0,1
203944,2021-22,10,10,1,1
203944,2021-22,10,15,1,1
203944,2021-22,10,18,1,1
203944,2021-22,10,20,0,1
203944,2021-22,10,27,0,4
203944,2021-22,10,28,0,3
203944,2021-22,10,29,1,3
203944,2021-22,10,30,0,1
203944,2021-22,11,5,1,2
203944,2021-22,11,7,1,3
203944,2021-22,11,8,0,1
203944,2021-22,11,9,0,1
203944,2021-22,11,10,0,1
203944,2021-22,11,12,0,2
203944,2021-22,11,13,0,1
203944,2021-22,11,16,1,1
203944,2021-22,11,17,1,1
203944,2021-22,11,18,1,1
203944,2021-22,11,19,0,2
203944,2021-22,11,25,0,1
203944,2021-22,11,27,0,3
203944,2021-22,11,28,0,3
203944,2021-22,11,29,1,3
203944,2021-22,11,30,0,1
203944,2021-22,12,5,4,5
203944,2021-22,12,7,0,1
203944,2021-22,12,9,1,1
203944,2021-22,12,15,0,1
203944,2021-22,12,18,1,2
203944,2021-22,12,25,0,1
203944,2021-22,12,26,0,1
203944,2021-22,12,27,2,4
203944,2021-22,12,28,1,2
203944,2021-22,12,40,0,1
203944,2021-22,13,4,0,1
203944,2021-22,13,5,0,2
203944,2021-22,13,6,2,3
203944,2021-22,13,7,0,1
203944,2021-22,13,9,0,1
203944,2021-22,13,10,1,1
203944,2021-22,13,11,1,1
203944,2021-22,13,12,1,1
203944,2021-22,13,15,0,2
203944,2021-22,13,18,0,1
203944,2021-22,13,24,0,1
203944,2021-22,13,26,0,1
203944,2021-22,13,27,0,1
203944,2021-22,13,28,0,1
203944,2021-22,14,3,1,1
203944,2021-22,14,5,1,2
203944,2021-22,14,6,0,1
203944,2021-22,14,7,0,1
203944,2021-22,14,8,1,1
203944,2021-22,14,13,0,1
203944,2021-22,14,21,0,1
203944,2021-22,14,26,1,6
203944,2021-22,14,27,2,2
203944,2021-22,14,28,0,1
203944,2021-22,14,31,0,1
203944,2021-22,15,5,0,2
203944,2021-22,15,6,1,1
203944,2021-22,15,10,0,1
203944,2021-22,15,16,0,2
203944,2021-22,15,23,0,1
203944,2021-22,15,24,1,2
203944,2021-22,15,25,2,5
203944,2021-22,16,5,1,1
203944,2021-22,16,10,0,2
203944,2021-22,16,17,0,2
203944,2021-22,16,23,2,2
203944,2021-22,16,24,1,4
203944,2021-22,16,25,1,2
203944,2021-22,17,4,1,1
203944,2021-22,17,8,0,1
203944,2021-22,17,22,0,3
203944,2021-22,17,23,0,2
203944,2021-22,17,24,0,2
203944,2021-22,17,25,1,1
203944,2021-22,18,6,0,1
203944,2021-22,18,15,0,1
203944,2021-22,18,21,1,3
203944,2021-22,18,22,1,3
203944,2021-22,18,23,0,1
203944,2021-22,19,5,1,1
203944,2021-22,19,13,0,1
203944,2021-22,19,19,0,2
203944,2021-22,19,20,0,1
203944,2021-22,19,21,0,2
203944,2021-22,20,21,0,2
203944,2021-22,21,17,0,2
203944,2021-22,21,20,1,2
203944,2021-22,22,3,0,1
203944,2021-22,22,5,1,3
203944,2021-22,22,6,1,1
203944,2021-22,22,8,0,1
203944,2021-22,22,9,0,2
203944,2021-22,22,11,1,1
203944,2021-22,22,12,0,2
203944,2021-22,22,13,1,2
203944,2021-22,22,16,1,1
203944,2021-22,22,18,1,1
203944,2021-22,23,5,0,2
203944,2021-22,23,6,1,2
203944,2021-22,23,7,0,2
203944,2021-22,23,8,0,1
203944,2021-22,23,10,0,1
203944,2021-22,23,13,0,1
203944,2021-22,23,14,0,1
203944,2022-23,-24,7,1,1
203944,2022-23,-23,3,1,2
203944,2022-23,-23,4,0,1
203944,2022-23,-23,5,1,3
203944,2022-23,-23,6,0,1
203944,2022-23,-23,9,0,1
203944,2022-23,-23,12,0,1
203944,2022-23,-23,14,1,1
203944,2022-23,-22,5,3,4
203944,2022-23,-22,6,1,1
203944,2022-23,-22,8,0,1
203944,2022-23,-22,10,0,1
203944,2022-23,-22,14,1,1
203944,2022-23,-22,15,0,1
203944,2022-23,-22,16,1,1
203944,2022-23,-22,19,1,1
203944,2022-23,-21,18,1,1
203944,2022-23,-20,5,1,1
203944,2022-23,-20,19,1,1
203944,2022-23,-19,19,0,1
203944,2022-23,-19,22,0,1
203944,2022-23,-19,23,0,1
203944,2022-23,-18,22,1,1
203944,2022-23,-17,21,0,1
203944,2022-23,-17,22,0,2
203944,2022-23,-17,23,0,1
203944,2022-23,-17,26,0,1
203944,2022-23,-16,15,0,1
203944,2022-23,-16,24,4,5
203944,2022-23,-16,26,0,1
203944,2022-23,-15,23,1,1
203944,2022-23,-15,24,1,2
203944,2022-23,-15,25,0,2
203944,2022-23,-15,26,0,1
203944,2022-23,-15,27,0,1
203944,2022-23,-14,18,0,1
203944,2022-23,-14,25,0,1
203944,2022-23,-14,26,1,3
203944,2022-23,-14,28,1,1
203944,2022-23,-14,32,0,1
203944,2022-23,-13,12,0,1
203944,2022-23,-13,18,0,1
203944,2022-23,-13,25,1,1
203944,2022-23,-13,26,0,3
203944,2022-23,-13,27,0,1
203944,2022-23,-13,28,0,1
203944,2022-23,-13,29,0,1
203944,2022-23,-12,17,1,1
203944,2022-23,-12,21,1,1
203944,2022-23,-12,26,1,1
203944,2022-23,-12,27,0,1
203944,2022-23,-12,29,0,1
203944,2022-23,-11,17,1,1
203944,2022-23,-11,25,0,1
203944,2022-23,-11,26,0,1
203944,2022-23,-11,27,1,5
203944,2022-23,-11,28,1,5
203944,2022-23,-11,30,0,1
203944,2022-23,-10,13,1,1
203944,2022-23,-10,28,2,3
203944,2022-23,-9,8,0,1
203944,2022-23,-9,21,0,1
203944,2022-23,-9,27,0,1
203944,2022-23,-9,28,0,4
203944,2022-23,-9,29,0,1
203944,2022-23,-9,30,0,1
203944,2022-23,-8,10,1,1
203944,2022-23,-8,17,1,1
203944,2022-23,-8,28,0,1
203944,2022-23,-7,5,0,1
203944,2022-23,-7,14,1,1
203944,2022-23,-7,28,2,2
203944,2022-23,-6,5,1,1
203944,2022-23,-6,9,0,1
203944,2022-23,-6,11,0,1
203944,2022-23,-6,17,0,1
203944,2022-23,-6,29,0,1
203944,2022-23,-6,30,0,1
203944,2022-23,-5,28,0,1
203944,2022-23,-5,29,0,1
203944,2022-23,-5,30,1,1
203944,2022-23,-5,33,0,1
203944,2022-23,-4,5,0,1
203944,2022-23,-4,6,0,1
203944,2022-23,-4,7,0,1
203944,2022-23,-4,8,0,1
203944,2022-23,-4,11,1,1
203944,2022-23,-4,12,2,2
203944,2022-23,-4,29,1,3
203944,2022-23,-4,30,0,1
203944,2022-23,-4,32,1,1
203944,2022-23,-3,5,0,1
203944,2022-23,-3,6,0,1
203944,2022-23,-3,10,0,1
203944,2022-23,-3,14,1,1
203944,2022-23,-3,15,0,1
203944,2022-23,-3,31,0,1
203944,2022-23,-2,5,4,7
203944,2022-23,-2,6,2,4
203944,2022-23,-2,7,1,3
203944,2022-23,-2,10,0,2
203944,2022-23,-2,13,1,1
203944,2022-23,-2,14,0,1
203944,2022-23,-2,17,0,1
203944,2022-23,-2,19,0,1
203944,2022-23,-2,22,0,1
203944,2022-23,-2,24,1,1
203944,2022-23,-2,30,0,2
203944,2022-23,-1,5,12,16
203944,2022-23,-1,6,0,2
203944,2022-23,-1,7,3,4
203944,2022-23,-1,8,1,1
203944,2022-23,-1,9,1,1
203944,2022-23,-1,10,0,3
203944,2022-23,-1,12,0,1
203944,2022-23,-1,13,0,1
203944,2022-23,-1,15,1,1
203944,2022-23,-1,18,1,1
203944,2022-23,-1,20,0,2
203944,2022-23,-1,22,1,1
203944,2022-23,-1,30,1,2
203944,2022-23,-1,31,1,2
203944,2022-23,-1,33,0,1
203944,2022-23,0,5,41,52
203944,2022-23,0,6,8,14
203944,2022-23,0,7,6,10
203944,2022-23,0,8,2,2
203944,2022-23,0,9,0,1
203944,2022-23,0,10,4,7
203944,2022-23,0,11,1,3
203944,2022-23,0,12,1,3
203944,2022-23,0,13,1,2
203944,2022-23,0,14,3,4
203944,2022-23,0,15,1,1
203944,2022-23,0,16,0,3
203944,2022-23,0,17,2,4
203944,2022-23,0,20,1,1
203944,2022-23,0,21,0,2
203944,2022-23,0,23,0,2
203944,2022-23,0,30,1,4
203944,2022-23,0,31,2,3
203944,2022-23,0,33,0,1
203944,2022-23,1,5,2,3
203944,2022-23,1,6,1,4
203944,2022-23,1,10,1,1
203944,2022-23,1,15,1,1
203944,2022-23,1,19,1,1
203944,2022-23,1,21,0,1
203944,2022-23,1,27,0,1
203944,2022-23,1,29,0,1
203944,2022-23,1,30,0,2
203944,2022-23,1,31,0,2
203944,2022-23,2,5,0,1
203944,2022-23,2,6,1,1
203944,2022-23,2,8,1,1
203944,2022-23,2,9,1,1
203944,2022-23,2,10,0,2
203944,2022-23,2,12,1,1
203944,2022-23,2,13,2,2
203944,2022-23,2,14,1,1
203944,2022-23,2,15,1,1
203944,2022-23,2,16,1,1
203944,2022-23,2,19,1,1
203944,2022-23,2,30,1,1
203944,2022-23,2,31,0,1
203944,2022-23,2,32,1,1
203944,2022-23,3,5,0,1
203944,2022-23,3,6,2,2
203944,2022-23,3,11,1,1
203944,2022-23,3,13,1,1
203944,2022-23,3,19,1,1
203944,2022-23,3,29,1,3
203944,2022-23,3,30,0,1
203944,2022-23,4,7,2,3
203944,2022-23,4,10,0,1
203944,2022-23,4,17,1,1
203944,2022-23,4,19,0,1
203944,2022-23,4,20,0,1
203944,2022-23,4,28,0,1
203944,2022-23,4,29,0,1
203944,2022-23,5,4,0,1
203944,2022-23,5,8,0,1
203944,2022-23,5,30,1,1
203944,2022-23,5,31,1,1
203944,2022-23,6,9,0,1
203944,2022-23,6,13,0,1
203944,2022-23,6,19,0,1
203944,2022-23,6,30,1,1
203944,2022-23,6,31,1,2
203944,2022-23,7,18,1,1
203944,2022-23,7,29,0,1
203944,2022-23,7,30,1,1
203944,2022-23,7,31,0,1
203944,2022-23,8,9,1,1
203944,2022-23,8,14,0,1
203944,2022-23,8,25,1,1
203944,2022-23,8,29,1,3
203944,2022-23,9,6,0,2
203944,2022-23,9,8,1,1
203944,2022-23,9,12,1,1
203944,2022-23,9,15,0,1
203944,2022-23,10,13,0,1
203944,2022-23,10,14,0,1
203944,2022-23,10,16,1,1
203944,2022-23,10,27,1,1
203944,2022-23,10,28,1,1
203944,2022-23,10,30,0,1
203944,2022-23,11,6,1,1
203944,2022-23,11,15,0,1
203944,2022-23,11,26,0,1
203944,2022-23,11,28,2,4
203944,2022-23,11,29,0,1
203944,2022-23,12,2,0,1
203944,2022-23,12,26,0,1
203944,2022-23,12,27,1,2
203944,2022-23,12,28,1,1
203944,2022-23,12,29,0,1
203944,2022-23,13,11,0,1
203944,2022-23,13,14,0,1
203944,2022-23,13,26,0,1
203944,2022-23,13,27,1,2
203944,2022-23,13,28,0,1
203944,2022-23,13,29,0,1
203944,2022-23,14,5,0,1
203944,2022-23,14,9,0,1
203944,2022-23,14,25,1,1
203944,2022-23,14,26,0,1
203944,2022-23,15,12,0,1
203944,2022-23,15,25,0,1
203944,2022-23,16,23,0,2
203944,2022-23,16,24,2,3
203944,2022-23,17,12,0,1
203944,2022-23,17,22,1,2
203944,2022-23,18,22,0,1
203944,2022-23,18,25,0,1
203944,2022-23,19,22,1,1
203944,2022-23,20,18,0,1
203944,2022-23,20,20,1,1
203944,2022-23,20,22,0,1
203944,2022-23,21,13,1,1
203944,2022-23,21,17,1,1
203944,2022-23,21,18,1,1
203944,2022-23,22,4,1,1
203944,2022-23,22,5,0,2
203944,2022-23,22,7,0,2
203944,2022-23,22,10,0,1
203944,2022-23,23,5,0,4
203944,2022-23,23,6,0,1
203944,2022-23,23,7,0,2
203944,2022-23,23,8,1,2
203944,2022-23,23,13,1,1
203944,2022-23,24,6,0,1
203944,2022-23,24,7,1,2
